tetrapod_small -1.25 -54.78 0.82 0.0 -0.0 0.0
tetrapod_small -23.498 -126.121 0.7 0.0 -0.0 45.0009
ring -17.7992 25.3103 1.125 180.0 -180.0 54.0013
cone -57.9554 -40.7855 0.685 0.0 -0.0 8.0047
tetrapod_small -30.0718 -10.639 2.3174 102.4889 -172.7123 -50.4517
tetrapod_small -2.0019 44.6584 2.7124 154.2298 22.3556 -8.5165
tetrapod_small -1.1531 38.1024 0.7424 -44.189 -172.1194 -22.9675
tetrapod_small -48.9094 17.7215 0.4926 88.9962 146.4928 35.2409
tetrapod_small -1.4071 43.344 0.67 24.933 -102.6629 -69.0283
ring -5.9918 -47.9919 1.5065 -72.0613 55.1818 85.5488
cone 91.6246 59.4805 0.6842 0.0 -0.0 -46.4333
tetrapod_small -67.7203 -14.0709 0.4926 -117.3375 92.0532 -23.1932
ring -15.1123 -32.0814 1.125 180.0 180.0 -38.3411
cone -28.7683 25.2275 0.6842 180.0 -180.0 12.2387
tetrapod_small -21.1227 -8.0089 1.1471 -84.2787 168.7927 37.9343
tetrapod_small -1.1559 45.6539 0.7578 40.378 126.1192 2.6945
tetrapod_small -25.2918 -15.5661 0.4926 -125.0273 51.3077 2.4032
cone 102.9561 67.9862 0.6842 0.0 -0.0 21.7074
ring -33.1784 17.5105 1.125 0.0 -0.0 16.0025
cone -51.6387 -49.1529 0.6842 180.0 180.0 -42.0026
tetrapod_small -33.7275 -3.0809 0.5466 -106.3265 121.2559 -42.3605
cone 104.1917 19.58 0.6842 0.0 -0.0 38.0041
cone -55.8021 6.6202 0.685 180.0 -180.0 47.9983
tetrapod_small -5.3604 45.2388 2.9954 103.9238 17.8509 -0.3391
ring -10.2623 -19.7517 0.375 0.0 -0.0 -48.9989
tetrapod_small -3.6756 42.1104 1.022 15.4245 68.7165 -21.8063
cone 106.7672 66.5374 0.6842 0.0 -0.0 -1.295
cone 80.0791 8.4108 0.6842 0.0 -0.0 -19.9947
tetrapod_small -12.0943 46.7105 0.6462 -56.3713 -140.764 -27.8799
cone -55.64 -65.25 0.685 0.0 -0.0 23.0042
tetrapod_small -29.6748 -4.0787 2.7851 -39.291 52.4481 19.1181
ring -9.9419 -36.1173 0.375 0.0 -0.0 -78.0015
cone 95.9202 -7.977 0.6842 0.0 -0.0 16.9992
tetrapod_small 0.4134 43.0158 0.7662 -34.7073 38.1632 46.4471
tetrapod_small -20.6842 43.8013 0.4926 104.0223 119.9217 32.6834
tetrapod_big 55.1679 -77.2487 0.721 54.8561 -129.4763 2.9852
ring -4.5485 -54.4563 0.375 0.0 -0.0 0.0
cone -61.8764 -13.8782 0.685 180.0 -180.0 76.0042
cone -57.9121 -55.3372 0.6842 180.0 -180.0 72.0025
tetrapod_small -7.7526 45.3938 2.5629 100.4026 32.4534 -13.6095
tetrapod_small -2.012 45.7054 3.4679 -144.6449 -94.0995 -54.356
tetrapod_big -30.3702 -94.8589 0.721 -85.9075 -42.3471 35.0472
tetrapod_small -4.628 50.8457 0.9218 -105.5688 55.1885 -62.71
cone 89.29 59.33 0.6842 0.0 -0.0 56.5643
tetrapod_big 17.9408 -105.4041 0.721 -114.4383 98.9702 -26.2517
tetrapod_small -5.6954 39.6301 1.1494 131.2242 -153.3641 41.1021
tetrapod_small -64.6081 2.0305 0.4926 -0.0008 109.4592 -61.6047
tetrapod_small 1.4115 39.8738 0.4926 -101.7746 124.3577 -33.2476
tetrapod_small -35.9631 -8.3098 0.5452 133.0831 41.2504 -12.8197
cone -66.9685 -59.486 0.685 0.0 -0.0 -74.0011
cone 82.1151 8.3908 0.6842 180.0 -180.0 66.9956
tetrapod_big 67.0153 -94.6555 0.721 -179.9951 -70.5334 -25.4474
ring -2.4828 -43.0391 1.125 180.0 -180.0 72.995
tetrapod_small -12.7227 40.6397 0.8234 25.8674 75.2628 -49.8979
tetrapod_big -59.4425 -84.2086 0.721 -100.923 -16.0889 33.7321
tetrapod_big 7.5146 -76.9503 0.7217 180.0 180.0 -57.5639
cone 99.5865 -11.9062 0.6842 0.0 -0.0 23.0042
ring -1.3001 -42.2522 0.375 180.0 180.0 -69.0011
tetrapod_small -2.8322 45.7495 2.7 150.9899 39.5961 45.8557
cone -68.7859 -12.7769 0.685 0.0 -0.0 -31.9947
tetrapod_small -28.2365 -8.785 3.5245 -60.2465 -81.4385 -3.0495
cone 102.9981 -6.8821 0.6842 180.0 -180.0 4.0
tetrapod_small -4.1645 48.5936 0.5187 -56.6369 -96.3796 22.2302
tetrapod_small -31.5733 -4.58 0.4924 61.7601 -90.8708 -21.5896
tetrapod_big -47.66 -113.3591 0.721 60.8558 -92.7838 -20.7859
tetrapod_small -30.2083 1.2284 1.2147 83.2966 -19.3516 -21.6909
tetrapod_big -17.2043 -74.8211 0.721 124.5001 43.6522 -7.7498
tetrapod_small -31.2114 -6.752 2.8568 118.121 125.079 -11.3862
tetrapod_small -22.9147 -6.3821 1.4956 17.3932 39.6082 -12.7151
cone -68.1827 -5.7987 0.6848 0.0 -0.0 29.9987
tetrapod_small -26.7465 -4.2464 3.002 77.8125 168.9692 -67.4762
tetrapod_big -48.4246 -103.1898 0.721 120.7967 82.2511 18.0845
tetrapod_small -33.0295 0.4308 0.4927 118.072 90.0383 22.2187
tetrapod_small -29.0226 -5.193 0.4982 93.1709 139.1241 36.747
tetrapod_small -2.8613 43.1367 1.6554 -103.7992 64.7968 0.2968
ring -10.2 -32.93 1.8751 180.0 -180.0 45.2988
tetrapod_small -2.4609 43.0539 0.8352 -154.5594 -56.9479 35.2854
cone -66.2228 -18.9415 0.685 0.0 -0.0 -48.9989
tetrapod_big -58.9177 -35.5634 0.721 -84.0887 155.0257 -34.8153
tetrapod_small -28.487 -10.0159 2.0123 46.2822 -79.2641 56.5869
tetrapod_small -7.4772 40.899 0.5127 -58.1476 -146.5426 -10.2692
tetrapod_small -52.0551 11.5763 0.4926 124.7365 64.0467 6.5122
tetrapod_small -22.039 -8.8791 1.9483 -45.644 50.5231 29.1263
tetrapod_small -28.4941 -16.6098 0.5699 -97.3153 -45.6191 29.6089
cone 91.4259 37.3722 0.6842 180.0 -180.0 76.0042
cone 108.1787 52.7671 0.6842 180.0 180.0 -54.0013
tetrapod_small -27.2286 -12.332 0.5068 -123.5685 80.6092 -18.7861
ring -8.5673 -31.8466 1.125 0.0 -0.0 -11.997
tetrapod_big 67.1892 -104.6989 0.721 115.6483 96.1753 25.0589
tetrapod_small -65.5245 -12.56 0.493 180.0 180.0 -84.6422
tetrapod_small -57.6252 36.0959 0.4926 -100.1488 -17.4703 33.9483
ring -6.7112 -50.0194 0.375 180.0 180.0 -52.0027
tetrapod_small -24.6503 -19.997 0.493 180.0 180.0 28.5895
cone -64.3643 4.0471 0.685 0.0 -0.0 11.997
tetrapod_small -2.9764 40.3007 0.5795 92.6693 168.2779 30.2974
tetrapod_small -2.6228 35.9864 0.4931 180.0 -180.0 22.2446
cone 91.273 39.3698 0.6842 180.0 -180.0 79.0037
tetrapod_big 19.1125 -85.3967 0.721 91.7408 -32.227 -35.2198
tetrapod_small -26.562 -3.9343 2.1437 159.7706 58.2953 -34.3139
tetrapod_small -26.5986 -5.1379 0.6259 -27.8715 -29.6694 -29.8331
tetrapod_small -30.4181 -5.1096 0.7347 119.718 175.3012 24.3357
tetrapod_small -30.3689 -13.0865 0.583 83.1123 128.1444 29.4335
tetrapod_small -24.5904 -5.2553 0.8188 123.0949 89.0959 -15.0311
cone 110.437 54.0196 0.6842 180.0 -180.0 64.9995
tetrapod_small -10.8518 42.8979 2.7308 25.9651 117.7678 12.9317
tetrapod_small -28.0557 -13.9654 0.9129 136.9003 -165.1947 -6.7926
ring -33.75 15.88 1.8751 180.0 180.0 78.6046
tetrapod_small -3.7653 47.9654 1.9345 -122.209 -43.1805 8.6647
tetrapod_small -9.0961 44.6068 0.7852 -100.2986 92.8131 45.3744
cone 87.4003 34.8343 0.6842 180.0 -180.0 2.0055
tetrapod_small -22.145 -4.927 0.5017 58.9307 -103.5146 -16.3077
cone -62.81 -38.02 0.6848 180.0 -180.0 54.7752
tetrapod_small -24.2501 -0.6602 0.8204 91.455 142.8494 33.1518
cone 102.5248 15.3391 0.6842 0.0 -0.0 -64.9995
tetrapod_small -26.5838 0.2099 0.4926 179.9477 -70.5923 6.0772
tetrapod_small -33.0266 -4.7564 0.6213 0.8496 83.6833 50.2445
ring -10.6883 -25.6968 1.125 0.0 -0.0 -64.001
tetrapod_small -4.348 47.7313 0.8762 -133.363 -102.9759 -52.4445
tetrapod_small -35.1912 -4.5487 0.4926 -179.9711 -70.5648 67.9019
cone -53.16 -56.47 0.685 0.0 -0.0 87.796
tetrapod_small -31.9875 -10.6756 0.4924 -179.0191 -71.8566 74.5162
tetrapod_small -29.4578 -3.7726 1.8985 119.6516 -164.797 22.6266
cone -50.294 -13.165 0.685 0.0 -0.0 11.997
tetrapod_big -70.9533 31.0749 0.721 -125.2476 56.3301 -1.1081
cone 106.4244 22.6434 0.6842 180.0 180.0 -23.9998
ring -20.7043 30.9128 0.375 0.0 -0.0 -10.005
tetrapod_small -30.4058 -4.0379 0.8452 -19.6101 56.896 -8.4988
tetrapod_small -6.4163 51.7215 0.4923 0.4507 109.1275 48.6054
tetrapod_small -69.3905 0.9378 0.493 0.0 -0.0 16.8712
tetrapod_small -26.3941 -11.2799 0.5639 -179.5397 -84.2201 61.0481
cone -51.5141 -2.731 0.685 180.0 -180.0 72.995
tetrapod_small -19.7708 -12.6137 0.5796 -17.8986 3.0525 38.4048
tetrapod_small -49.6341 25.8929 0.4931 180.0 180.0 -19.6801
cone 109.3724 13.2707 0.6842 0.0 -0.0 45.0009
cone -61.7555 -7.5576 0.685 0.0 -0.0 -56.0054
tetrapod_small -8.2625 40.3741 0.6946 -5.9538 63.0443 -51.1942
tetrapod_big -70.834 -7.2938 0.721 55.6546 -113.0221 -8.5145
tetrapod_small -8.8962 50.9434 1.1674 -171.6522 -1.8496 53.8463
cone -66.4279 -29.0959 0.685 0.0 -0.0 47.9983
cone 104.3412 43.8753 0.6842 180.0 -180.0 66.9956
tetrapod_small -26.6648 -1.6732 0.5064 -179.2233 -178.4794 67.3841
cone 102.0012 19.3153 0.6842 0.0 -0.0 38.0041
tetrapod_small -27.8887 -4.7772 0.52 -101.7681 -4.9658 30.6943
tetrapod_small -6.5569 44.0925 0.6377 110.5603 123.4172 66.608
cone 100.4253 -4.3879 0.6842 180.0 -180.0 0.9969
tetrapod_small -22.3403 -11.9682 1.307 69.6982 119.7275 -10.1163
tetrapod_small -4.1833 43.0024 1.384 -115.5279 -65.0725 20.8174
tetrapod_small -26.6753 -7.3326 2.3194 48.332 133.8412 8.3985
ring -9.4917 -43.889 1.1023 11.1311 -19.0697 17.0157
cone -66.5805 -40.9146 0.685 180.0 180.0 -79.0037
tetrapod_small -28.1349 -5.0865 2.759 58.54 155.0501 -40.6774
cone -58.094 -48.1384 0.6842 180.0 180.0 -26.0047
cone -32.9627 23.9662 0.6842 180.0 180.0 -60.7661
cone 109.2157 73.6832 0.6842 0.0 -0.0 -13.2878
tetrapod_small -3.5444 51.5949 0.5133 124.8649 81.2361 19.2599
cone -56.4163 2.0394 0.685 180.0 -180.0 46.993
cone 77.0534 13.0789 0.6842 0.0 -0.0 43.9986
cone 92.9249 57.7357 0.6842 0.0 -0.0 17.5664
cone -51.7562 -33.2691 0.685 0.0 -0.0 -42.0026
cone -52.706 -27.882 0.685 0.0 -0.0 20.9951
cone 89.4895 6.8632 0.6842 180.0 -180.0 65.9944
cone 84.9682 14.7928 0.6842 180.0 180.0 -3.0025
tetrapod_small -21.6502 1.5284 0.4926 94.3993 -27.6326 -35.0183
tetrapod_small -0.8999 40.5163 1.3968 -128.2722 -121.3408 12.1726
tetrapod_small -27.4779 -8.8034 2.6808 97.4512 -123.5725 -35.8341
cone 86.5207 36.8877 0.6842 0.0 -0.0 35.9966
cone -57.5561 -32.051 0.685 180.0 -180.0 5.9961
tetrapod_small -5.6169 51.3239 2.2596 -9.631 -12.6667 39.0904
tetrapod_small -8.6009 40.5852 2.3662 68.758 168.2612 41.1531
tetrapod_small -31.7273 -6.7467 1.8225 26.5959 -172.6241 6.2419
tetrapod_small -62.7888 17.6582 0.4926 54.7534 -126.9257 1.1888
tetrapod_small -19.4288 -7.3108 1.2864 179.3853 -169.0478 55.8865
tetrapod_small -32.1273 -6.0111 1.7189 -83.767 -63.9657 -62.2931
cone 89.9989 32.3686 0.6842 180.0 -180.0 14.9977
cone 103.3388 72.2943 0.6842 180.0 -180.0 -82.7104
tetrapod_small -7.9642 46.0927 0.5169 -6.1385 107.3314 -48.7525
tetrapod_small -25.094 -4.5559 0.4929 -0.3779 -0.9644 -41.5255
cone 101.4957 -12.9398 0.6842 180.0 -180.0 35.9966
cone 82.1596 4.0829 0.6842 180.0 -180.0 56.0054
tetrapod_small -25.8179 -10.0489 1.6281 -96.7011 -177.3257 -76.4321
tetrapod_small -8.0346 39.5004 1.0364 45.5529 27.2694 46.5866
tetrapod_big -72.2468 -27.156 0.721 59.8493 -154.7778 19.2056
tetrapod_small -9.1398 42.6535 3.0202 74.3909 -84.5248 16.2286
tetrapod_small -6.2834 48.8727 0.492 55.6175 -128.4034 1.8857
ring -4.865 -28.9107 0.375 0.0 -0.0 20.9951
ring -13.0175 -20.4606 0.375 0.0 -0.0 -35.0
tetrapod_small -66.8923 -20.0214 0.4926 120.8761 27.4961 -17.9374
tetrapod_small -32.3257 -13.1929 0.4947 179.6717 179.7642 14.3615
tetrapod_small -3.5775 45.3646 2.6193 134.7089 -128.3149 6.4083
cone 111.1457 48.7978 0.6842 180.0 180.0 -16.0025
tetrapod_small -29.7663 -9.3614 2.027 100.299 -134.8716 -36.5757
tetrapod_small -3.9326 41.9838 3.059 -66.6879 -159.6322 -0.5279
tetrapod_small -54.2846 -5.2613 0.4931 0.0 -0.0 46.8441
tetrapod_small -8.5546 45.6059 0.9609 143.2012 -57.3135 73.3323
tetrapod_small -25.9689 -2.416 0.7851 -107.2421 -134.0903 50.407
tetrapod_small -22.1292 -11.1262 0.9909 -2.5911 -162.4721 -33.0085
tetrapod_small -29.9607 -2.3387 0.4924 54.7317 -125.4175 0.2266
tetrapod_big -59.6977 -26.4802 0.721 -54.7456 -124.388 0.6024
tetrapod_big -47.8998 -54.7443 0.721 -58.8845 -98.7793 17.4984
cone 107.34 72.58 0.6842 0.0 -0.0 89.7083
tetrapod_small -21.3018 -10.1513 0.671 23.2358 107.9523 22.2233
tetrapod_small -25.8622 -6.3896 2.9433 6.1857 -97.1177 -2.9708
tetrapod_small -24.0817 -6.7206 0.7441 -166.2537 42.464 14.0536
cone 87.9 61.5 0.6842 180.0 180.0 9.4302
tetrapod_small -12.7087 48.1784 0.5217 81.071 -43.9485 -31.724
tetrapod_small -4.6782 40.974 1.4268 -14.1144 158.8787 -27.0439
ring -6.1279 -42.5707 1.125 0.0 -0.0 80.9963
tetrapod_small -40.1459 -0.937 0.4926 0.0057 109.4563 39.5434
tetrapod_small -6.1812 48.0753 1.1748 115.1353 -128.1049 -24.8453
tetrapod_small -10.2749 43.6233 1.7805 145.3068 94.2947 -36.5303
ring -4.9946 -39.967 1.125 0.0 -0.0 -12.7462
cone -51.7222 -42.9543 0.6811 180.0 -180.0 20.9951
tetrapod_small -5.0184 45.9036 0.8759 47.7161 -147.908 78.8344
tetrapod_small -22.7683 -5.2915 1.5165 116.0482 -11.8107 40.6231
tetrapod_small -27.5111 -10.842 1.7168 -77.5529 -135.0812 -36.8019
tetrapod_small -10.6371 44.5116 1.7748 -137.6418 130.2791 -7.1147
tetrapod_small -49.2391 -17.5495 0.5578 -59.5503 -114.1074 -5.3003
tetrapod_small -1.6812 41.6192 1.5003 -54.0399 -68.7251 -3.3644
tetrapod_big 43.2293 -76.515 0.721 -55.1126 -133.0767 -5.4936
ring -10.2806 -33.9637 1.125 180.0 180.0 -69.8498
tetrapod_small -26.0666 -16.4883 1.1368 92.9959 -50.385 -21.7135
tetrapod_small -6.5797 40.1068 0.7423 39.3218 -109.9676 4.1653
tetrapod_small -13.5713 43.1095 0.6719 0.0504 55.6739 65.838
tetrapod_small -56.5672 50.4409 0.4926 -55.1735 -116.8645 5.8894
tetrapod_small -6.0626 47.9449 2.5542 91.8875 -31.3602 17.2086
tetrapod_small -4.9809 44.0442 1.8724 -37.487 -114.5849 -68.0405
tetrapod_big -70.5345 -46.0362 0.721 -115.0635 97.54 -25.6562
tetrapod_small -24.9507 -13.3629 1.9731 1.2823 13.5077 12.8489
tetrapod_small -10.0728 44.9308 3.4601 -124.9314 -48.4774 -7.6949
tetrapod_small -52.592 -18.9547 0.493 0.0 -0.0 77.9048
ring -32.8534 12.2774 0.375 0.0 -0.0 -17.9959
tetrapod_small -28.3653 -5.6357 3.3559 128.9823 176.4776 31.7976
tetrapod_small -19.6257 -11.175 0.6099 -65.5279 -64.3609 55.2582
cone 113.0479 48.379 0.6842 180.0 -180.0 23.0042
tetrapod_small -21.0787 -9.2267 0.6397 152.3068 -56.1266 -6.4886
cone 91.3317 56.9137 0.6842 180.0 180.0 -48.5731
tetrapod_small -2.7367 44.3695 0.5028 -0.9949 107.5242 27.6008
tetrapod_small -13.1214 44.0089 0.6146 -175.3159 167.638 16.5711
cone -62.902 -3.0755 0.6811 0.0 -0.0 -78.0015
tetrapod_small -21.9705 -11.2199 2.3069 27.951 -176.9023 21.4004
tetrapod_small -2.357 50.2268 1.4102 -129.8829 101.2957 -16.3381
tetrapod_small -8.9922 49.1444 0.8648 -0.8369 57.0009 64.1952
tetrapod_small -64.2528 40.4394 0.4926 115.6111 13.2246 -25.1167
tetrapod_small -24.5355 -3.9151 1.2138 -60.918 110.1022 2.4358
cone -31.7079 26.1915 0.6842 180.0 -180.0 4.2409
tetrapod_big 31.5263 -94.7677 0.721 119.67 85.7127 19.9909
cone 87.8909 53.5805 0.6842 0.0 -0.0 -69.4302
tetrapod_big -58.6435 49.7351 0.721 -110.8534 106.6793 -29.1002
ring -25.8265 16.1576 1.125 180.0 -180.0 54.0013
tetrapod_big 18.9897 -94.8736 0.721 123.066 73.8194 13.0019
tetrapod_big -70.3287 -74.8528 0.721 179.9888 -70.5326 49.8269
cone 103.1472 -4.3979 0.6842 180.0 180.0 -5.9961
cone 109.2512 19.7053 0.6842 180.0 180.0 -46.993
cone 93.4418 37.7451 0.6842 0.0 -0.0 12.9993
tetrapod_small -28.3665 -11.6576 1.76 144.516 -72.4296 4.7999
tetrapod_small -26.5884 -3.0336 2.0855 136.2516 144.7676 -28.4168
tetrapod_small -25.5189 -4.5825 2.4967 -51.3448 101.8291 9.2084
tetrapod_small -31.3155 -2.1536 0.5234 -174.5983 -69.6914 16.9573
tetrapod_small -36.8741 -3.4995 0.4926 -118.5708 20.6883 21.6012
cone 105.55 71.31 0.6842 0.0 -0.0 86.7097
tetrapod_small -5.482 48.5939 0.8964 -70.9862 -101.9028 23.6347
ring -5.4996 -37.7418 0.375 0.0 -0.0 -80.9963
tetrapod_small -23.9157 -9.4155 1.3434 -172.0571 150.5604 -69.9556
tetrapod_small -30.8796 -10.8069 1.2294 -65.64 -144.5661 -49.2472
tetrapod_small -2.7708 44.4571 2.3031 93.5132 -1.9604 -7.3216
tetrapod_small -35.4693 1.6954 0.4926 0.0045 109.459 -67.829
cone -65.6762 -7.3319 0.6811 0.0 -0.0 -50.9981
tetrapod_small -34.0911 -12.0638 1.0316 -128.2184 139.3267 14.5985
tetrapod_big -30.968 -85.2737 0.721 -60.5412 -93.6516 20.3218
tetrapod_small -12.6117 42.5852 0.8191 -85.0089 -162.9576 -51.9783
tetrapod_small -33.1638 -7.8 0.4929 -0.476 0.4427 63.4852
tetrapod_small -4.8193 51.6662 0.9193 9.0349 -110.363 -63.8232
ring 1.0063 -39.4976 1.125 0.0 -0.0 85.9965
cone -55.7984 -40.7193 0.685 180.0 180.0 -40.9981
tetrapod_small -10.8615 41.1727 2.7591 -141.9474 27.526 28.5312
tetrapod_small -6.2777 44.5946 2.3992 105.2201 92.9878 5.096
tetrapod_small -33.8606 -5.0714 0.9131 -34.0287 -83.3735 -53.5152
tetrapod_small -7.5404 45.0008 1.5109 49.8779 -6.7596 14.7189
tetrapod_small -4.324 45.7749 2.7865 -118.2206 167.001 -7.2751
cone 107.0647 15.9736 0.6842 180.0 -180.0 72.0025
tetrapod_small -5.7302 48.5513 3.3482 16.9888 82.0488 26.9218
tetrapod_small -66.1874 10.2327 0.5204 -63.0953 -170.6076 -30.8629
tetrapod_big -71.093 12.2363 0.7217 180.0 -180.0 58.708
tetrapod_small -51.9223 57.7401 0.4926 0.0008 109.4639 -19.2205
tetrapod_small -9.0189 48.2407 0.5505 10.158 119.6285 -26.5794
tetrapod_small -1.7438 50.0453 0.5372 -109.9109 19.4003 24.5877
tetrapod_small -25.7284 -11.794 2.5322 -122.7653 43.8972 2.6553
tetrapod_small -25.9136 -4.5554 1.167 -152.8984 -12.1869 32.2171
cone -69.3394 -52.6058 0.685 180.0 -180.0 88.9953
tetrapod_big 53.8203 -84.8118 0.721 -0.0218 109.4855 77.564
cone -29.3113 27.0964 0.6842 180.0 -180.0 5.2384
ring -1.3279 -36.2721 1.1387 0.0095 -0.5845 -4.8716
tetrapod_small -0.2933 49.3806 0.562 -14.6835 3.2897 41.9135
tetrapod_small -26.4918 -11.178 2.3882 123.7265 -127.1646 37.8167
ring 3.1142 -38.8856 0.375 180.0 180.0 -53.002
tetrapod_small -32.03 1.0022 0.5818 138.9737 37.4625 -20.7057
tetrapod_small -29.4139 -12.1431 2.2158 -84.6167 123.8959 -8.7809
tetrapod_small -11.2347 46.1413 0.9235 37.0054 77.0741 -2.5374
tetrapod_small -68.0954 18.4168 0.4926 0.0007 109.4602 -0.4356
tetrapod_small -33.5627 -12.8326 0.58 -96.7679 146.4109 -37.0428
cone 92.0496 64.9426 0.6842 0.0 -0.0 -57.4358
tetrapod_small -32.065 -16.2184 0.9535 -32.0891 89.4564 -55.5692
tetrapod_small -23.3443 -11.072 1.1921 -99.161 19.4974 35.8238
tetrapod_small -35.9227 -10.9531 0.4925 113.3475 8.1072 -27.1389
tetrapod_small -18.9632 -6.8413 0.4955 -179.1695 -179.4868 -62.085
tetrapod_big 5.9472 -94.9596 0.7217 180.0 180.0 -19.2732
cone 77.203 10.4424 0.6842 180.0 180.0 -58.9952
tetrapod_small -3.4764 39.3618 2.3384 65.1348 130.557 12.5458
tetrapod_small 0.6573 39.8329 0.866 -13.7626 152.478 9.6368
tetrapod_small 1.1039 47.8599 0.7807 48.9365 -36.1795 21.9245
tetrapod_small -26.6047 -9.5577 1.9198 142.4467 177.5894 -16.1905
cone 96.471 -2.7774 0.6842 180.0 -180.0 31.9947
cone 108.6605 43.0931 0.6842 0.0 -0.0 -49.9985
tetrapod_small -29.8982 -13.9837 0.8946 -44.4599 -2.0513 -39.2047
tetrapod_small -26.2757 -3.8084 0.4925 0.3201 109.1813 58.9915
tetrapod_small 0.7852 41.7492 0.6469 -32.2759 -32.8404 -22.7182
ring -15.5703 -37.4704 0.375 0.0 -0.0 -61.9943
tetrapod_small -5.0139 44.5249 0.7554 -135.3683 -81.1089 57.1961
tetrapod_small -69.512 6.5984 0.4926 -179.9988 -70.5396 -16.267
tetrapod_small -25.8922 -12.8246 1.4024 -37.7507 156.1583 -33.5765
cone 86.59 58.94 0.6842 0.0 -0.0 49.5679
tetrapod_small -14.6464 39.4014 0.493 0.0 -0.0 -44.6668
cone 91.1186 41.4222 0.6842 0.0 -0.0 -76.0042
tetrapod_small -12.8128 40.6892 1.6594 13.3239 -121.6009 29.4966
cone 113.2761 51.0104 0.6842 0.0 -0.0 5.9961
tetrapod_small -28.4521 -11.243 2.4867 -171.523 -78.0714 -45.7603
tetrapod_small -3.5749 43.5345 2.0644 -38.046 -146.6717 32.7738
tetrapod_small -49.3376 -4.9255 0.4926 -0.0502 109.5106 78.7842
cone 96.416 56.8851 0.6842 180.0 180.0 -66.5665
tetrapod_small -20.795 -6.8603 0.8909 -133.2953 -36.9713 40.3698
tetrapod_small -23.1552 -4.0202 0.506 2.361 110.1714 6.325
tetrapod_small -64.2484 26.8579 0.4926 0.0505 109.5043 -76.6089
cone 94.4978 60.8384 0.6842 180.0 -180.0 85.4369
tetrapod_small -13.5202 39.5142 0.6699 -0.0356 59.8042 -4.1457
tetrapod_small -30.2086 -7.8073 2.2008 39.3836 170.756 -20.5658
tetrapod_small -27.1935 -2.03 1.3499 -121.4973 70.1354 40.4149
ring -23.6632 26.1309 0.375 180.0 -180.0 26.0047
tetrapod_small -8.2791 44.4332 3.5947 171.3847 -64.0467 -38.1028
tetrapod_big -5.846 -75.7394 0.721 67.6437 -76.464 -28.0065
tetrapod_small -28.426 -7.7893 0.8531 -75.8405 57.2581 -31.7697
tetrapod_small -1.3469 49.1886 1.2825 47.6345 10.9519 -84.5161
ring -23.2284 20.0415 1.125 0.0 -0.0 -58.0001
tetrapod_small -5.2347 49.4011 1.862 168.6048 -174.8937 0.7236
tetrapod_small -28.4045 -5.2243 1.5336 -167.1738 -23.8266 14.2518
cone 92.0 52.2 0.6842 0.0 -0.0 49.5679
tetrapod_small -28.7035 -4.2767 1.104 -49.6786 -72.695 -46.7651
tetrapod_small -5.8969 47.1847 3.2812 -102.3097 -129.1212 4.3885
tetrapod_small 1.7623 45.6165 1.2395 -142.904 -67.7819 86.2378
tetrapod_small -4.1414 50.3585 2.5735 32.3514 -107.7653 0.8856
ring -23.7386 23.2914 0.375 180.0 180.0 -82.0043
tetrapod_small -12.2897 42.2081 1.8479 8.169 -19.4393 -78.345
cone -64.8086 -33.9012 0.685 0.0 -0.0 -63.0025
cone -33.7007 28.6669 0.6842 0.0 -0.0 34.7607
cone -52.2624 -36.5542 0.685 180.0 -180.0 35.9966
tetrapod_small -34.5217 -13.2534 0.4929 179.963 179.7114 -5.5599
tetrapod_small -29.6561 -5.9967 2.5013 138.3861 82.7442 -12.6291
tetrapod_small -29.9299 -8.2172 0.6698 -1.0772 58.6819 70.6676
tetrapod_small -24.3869 -11.8215 0.4944 179.2216 -70.9948 -61.0809
tetrapod_small -30.3966 -15.991 0.493 179.977 179.8773 -64.2938
tetrapod_small -30.1248 -6.5125 0.7567 -58.2866 -49.4668 40.8787
tetrapod_small -26.6928 -0.8295 1.2683 -173.9782 -9.7631 83.9193
cone 107.4772 70.2609 0.6842 180.0 -180.0 -12.7108
tetrapod_small -9.663 48.6237 1.5326 138.5548 -58.3844 39.2257
ring -29.3039 18.0992 1.125 0.0 -0.0 -42.0026
tetrapod_small -23.078 -1.2135 0.4926 -0.3377 109.9189 83.6764
tetrapod_small -29.2684 -7.9894 1.7123 44.9491 86.0355 -44.8293
tetrapod_small -32.2252 -5.7543 0.8434 -54.075 -101.6462 -47.6616
tetrapod_small -0.5 48.4573 1.8807 -78.7024 -149.6819 -13.6704
tetrapod_big -47.9928 50.9598 0.7217 0.0 -0.0 74.7459
ring -20.7406 23.9237 0.375 180.0 180.0 -37.0004
cone -66.852 -32.172 0.685 0.0 -0.0 -74.0011
tetrapod_small -32.1598 -17.4445 0.4926 76.8884 167.7183 33.1039
tetrapod_small 1.8524 42.5931 0.6397 -179.8089 -147.9962 75.266
tetrapod_small -3.6483 40.008 0.9907 16.7094 -58.9429 46.4258
tetrapod_small -30.7333 -4.5085 2.2398 69.4177 67.2992 36.8275
tetrapod_big -71.8201 -112.2668 0.7217 0.0 -0.0 74.3127
ring -7.8819 -46.3438 0.375 180.0 -180.0 14.0041
cone -32.6094 32.7608 0.6842 180.0 180.0 -71.7641
tetrapod_small -7.1001 44.2455 3.0144 -168.5215 -170.9573 -74.9451
tetrapod_small -29.2837 -5.1482 2.4498 -51.0233 -124.5538 -46.547
tetrapod_big -48.2489 69.7065 0.721 55.6181 -113.2505 -8.3591
tetrapod_small -3.5205 50.3979 0.4935 -179.4339 179.4257 72.8383
ring -17.5836 -26.7848 0.375 0.0 -0.0 16.0025
tetrapod_small -2.5777 41.0345 1.4668 -105.9079 -56.4181 -22.8824
cone -37.4316 23.4042 0.6842 180.0 -180.0 12.2387
cone -38.9769 25.4638 0.6842 180.0 -180.0 49.2398
ring -12.375 -30.6226 0.375 0.0 -0.0 -38.0041
tetrapod_small -25.2611 -10.5929 1.1645 -165.7127 115.2619 17.712
tetrapod_small -34.681 -5.7868 0.7699 -121.1159 -23.4555 -61.1768
tetrapod_small -5.5532 42.0942 3.0712 -60.7473 179.0509 32.7513
cone 105.7916 9.4829 0.6842 0.0 -0.0 0.9969
cone -28.291 29.5326 0.6842 0.0 -0.0 23.7637
tetrapod_small -24.8552 -12.0265 1.6659 12.7388 -84.3436 7.3131
tetrapod_small -31.4579 -11.9544 0.5386 56.3937 -88.9391 -29.3464
ring -26.7557 13.8527 0.375 0.0 -0.0 53.002
tetrapod_small -27.7624 0.5778 0.621 72.5973 -55.1049 -60.2534
tetrapod_small 5.2961 41.6579 0.4926 -0.0038 109.4643 23.5803
tetrapod_small -6.8133 47.6451 0.6195 29.0467 -121.3392 -6.6651
tetrapod_small -27.5249 -12.7946 2.0914 113.7938 141.2078 69.3709
tetrapod_small -24.4975 -10.7467 0.6328 127.1227 -148.5097 56.5243
ring -25.9031 21.1446 0.375 0.0 -0.0 -54.9956
tetrapod_small -30.2767 -10.8823 0.5828 -67.9582 163.4147 -20.7394
cone 109.3446 71.4361 0.6842 180.0 -180.0 -12.7108
tetrapod_small -26.4137 -9.0026 2.626 -66.2869 31.5071 19.2384
cone 84.4349 9.5774 0.6842 180.0 180.0 -37.0004
cone -66.6101 -62.3105 0.685 180.0 -180.0 34.0033
cone 87.2751 32.2024 0.6842 0.0 -0.0 -16.0025
cone 85.2346 34.4002 0.6842 180.0 180.0 -72.995
cone -58.5812 -12.3169 0.685 0.0 -0.0 76.9993
ring -7.2353 -34.2328 0.375 0.0 -0.0 26.9941
tetrapod_small 2.4784 44.2591 0.7938 26.6331 36.2846 -35.3649
tetrapod_small -34.9986 -20.842 0.493 0.0 -0.0 55.3954
tetrapod_small -14.0082 46.7977 0.9498 98.327 -64.9001 46.9969
ring -14.2726 29.4091 0.375 0.0 -0.0 -35.0
tetrapod_small -13.9388 47.6905 1.072 -133.478 81.5725 11.1303
cone 97.6409 34.1062 0.6842 180.0 -180.0 42.0026
cone -54.3659 3.7329 0.685 180.0 -180.0 58.0001
tetrapod_small -58.6241 38.3706 0.4926 -120.844 82.1039 -18.0022
cone -60.4165 -50.1471 0.685 180.0 180.0 -75.0003
tetrapod_small -28.0004 -1.7267 0.8114 -123.6535 -100.2875 33.5641
tetrapod_small -23.2572 -8.6607 1.4171 -35.6297 46.1856 39.5753
tetrapod_small -7.6776 42.0677 2.2389 -31.9505 -24.4143 61.471
tetrapod_small -33.9469 -8.8824 0.7526 -119.8864 -132.1185 60.3912
tetrapod_small -70.1572 44.865 0.493 0.0 -0.0 -60.1706
tetrapod_small -29.1454 -2.2329 0.7972 145.0637 54.3645 -36.5544
cone 89.2763 37.3134 0.6842 180.0 -180.0 3.0025
tetrapod_small -26.4689 -17.0595 0.5689 -61.8577 -127.8142 -14.244
cone -64.0014 -61.499 0.685 0.0 -0.0 80.0044
tetrapod_small -8.2111 47.0685 0.9229 38.4732 97.6077 -40.499
tetrapod_small -1.1593 45.4131 2.6215 165.8373 134.1948 6.8723
tetrapod_small -10.2234 35.9256 0.6518 -162.3296 52.7386 6.3216
tetrapod_small -8.8207 47.8401 2.2066 71.8322 -93.1899 9.9009
tetrapod_small -19.7638 -4.3397 0.4926 0.0432 109.4789 -43.7761
tetrapod_small -27.5312 -0.1801 1.2309 125.1116 164.5145 -3.3409
cone -57.1655 -6.337 0.685 180.0 180.0 -60.9979
cone 100.9788 -0.2675 0.6842 180.0 -180.0 14.9977
ring -10.9496 -40.8718 0.375 180.0 -180.0 35.9966
cone -34.5254 32.1892 0.6842 180.0 -180.0 42.2387
tetrapod_small -7.0304 44.9885 0.8319 -17.7179 -98.8305 16.8876
cone 93.4549 -3.6447 0.6842 180.0 -180.0 58.0001
tetrapod_small -29.5772 -11.1313 1.4018 -104.0741 -27.9086 -34.7483
tetrapod_big -49.413 60.2634 0.721 117.676 18.3161 -22.7799
tetrapod_small -6.9579 40.2359 2.7541 130.2773 -151.8076 -74.0713
cone 91.4084 54.704 0.6842 0.0 -0.0 -49.4294
tetrapod_small -7.9064 46.8861 3.759 -16.4622 -2.3484 19.725
tetrapod_small -23.2401 -4.7507 2.1523 -69.1242 126.8569 -36.048
tetrapod_small -24.3754 1.6502 0.4925 -179.9614 -70.5252 -19.6726
tetrapod_small -27.9708 -7.3885 2.6196 81.9017 -31.9478 -25.6028
tetrapod_small -3.307 43.1177 3.028 -100.2108 -64.1578 -40.9049
tetrapod_big -5.3529 -93.9501 0.721 -55.5057 -114.0305 7.8293
tetrapod_small -59.0727 -20.0965 0.4926 100.9241 125.5865 33.737
cone 106.5285 51.6382 0.6842 180.0 -180.0 60.0015
ring -10.9894 -43.9868 0.375 180.0 -180.0 87.0018
tetrapod_small -3.1999 48.7906 1.2516 17.5338 -113.5324 48.9418
cone -57.903 -38.5925 0.685 180.0 -180.0 30.9967
tetrapod_small -23.3526 -4.6636 1.1167 2.3866 73.8603 -59.493
tetrapod_small -22.2041 -8.7286 0.664 161.7688 70.3561 57.013
ring 1.5804 -41.5918 0.375 0.0 -0.0 12.9993
tetrapod_small -0.8519 41.4826 0.5194 179.9085 -174.6104 20.7934
cone 84.8887 5.9276 0.6842 180.0 -180.0 58.9952
tetrapod_small -5.8073 43.7976 3.4871 -46.8682 20.0407 -27.2127
tetrapod_small -27.7451 -3.6663 2.5701 -136.4917 -143.3261 -4.1056
tetrapod_small -50.1343 -7.7837 0.4926 97.4406 -22.2896 -34.565
tetrapod_small -24.2538 -11.4542 2.0072 -118.5469 -124.4784 -27.6399
tetrapod_small -33.0142 -11.6244 0.6416 -139.7504 -167.9984 -43.3626
tetrapod_small -27.0797 -6.6545 0.9694 -59.3643 8.6069 -18.1827
tetrapod_big -59.5917 -16.6779 0.721 -113.5755 100.8934 -27.0128
tetrapod_small -29.9505 -2.5543 2.4106 -176.3108 -148.3251 -10.6997
ring -16.2751 -24.2963 0.375 0.0 -0.0 -14.0041
cone 110.049 15.1538 0.6842 0.0 -0.0 37.0004
ring -4.0654 -33.1276 1.125 180.0 -180.0 11.997
tetrapod_small -29.5282 2.2309 0.5138 63.8903 -156.2051 21.54
tetrapod_small -3.8118 44.5559 2.5131 -139.9903 -151.5508 -25.261
tetrapod_small -30.6669 -9.0916 2.6873 3.998 179.6257 58.1547
ring -22.5547 26.0044 1.125 180.0 180.0 -60.0015
ring -2.4 -45.94 1.125 180.0 -180.0 72.995
tetrapod_small -12.2395 47.4741 0.9741 41.8048 8.7493 51.964
tetrapod_small -59.7014 15.2509 0.4926 -179.9832 -70.5248 -78.9485
cone 105.2855 78.9967 0.6842 0.0 -0.0 43.7156
tetrapod_small -7.6158 46.3104 2.8491 -164.9546 99.4087 0.3841
tetrapod_big -47.4471 -16.3767 0.721 115.6189 96.2548 25.1106
tetrapod_small -28.1099 -0.5231 0.4923 0.236 109.2877 64.3027
tetrapod_small -16.0953 -9.5753 0.493 0.0 -0.0 76.4194
cone 87.563 6.2944 0.6842 180.0 -180.0 80.0044
tetrapod_small -66.4032 66.7247 0.4926 -109.2939 109.8294 -30.0979
tetrapod_small -6.4671 46.2015 1.5843 52.4578 154.6717 72.2092
cone 101.717 78.7068 0.6842 180.0 -180.0 24.292
ring -34.0503 18.1873 0.375 180.0 180.0 -57.0051
tetrapod_small -63.2628 34.7572 0.4925 -108.0238 112.3413 -30.8307
cone 82.426 10.4656 0.6842 180.0 -180.0 6.9947
cone 92.6889 32.5365 0.6842 0.0 -0.0 -11.997
tetrapod_small -6.669 50.2196 2.4553 -150.1685 86.8086 7.3352
tetrapod_small -70.7235 56.804 0.4926 -117.2098 17.15 23.3317
tetrapod_small -27.2813 -14.7823 1.373 162.766 10.1133 -43.4529
tetrapod_small -28.2922 -13.1857 2.3184 95.8868 71.9342 -70.893
tetrapod_small -14.0685 42.1018 0.4924 -55.3318 -135.0149 -7.1168
tetrapod_small -5.0703 43.9529 3.0546 67.8555 -115.7991 -54.0958
ring -6.6296 -31.1118 0.375 180.0 -180.0 4.0
tetrapod_small -7.9109 52.8793 0.5303 -161.2116 -85.1428 72.3075
tetrapod_small -63.759 25.4843 0.6162 -62.7962 62.0678 -65.5956
tetrapod_small -1.5959 48.3047 0.5719 123.7931 -6.8907 74.1598
tetrapod_small -26.7137 -9.3454 1.1007 131.8998 -109.1718 -9.473
cone 95.495 -10.7816 0.6842 180.0 -180.0 37.0004
ring -19.4936 26.4166 0.375 0.0 -0.0 50.9981
tetrapod_small -23.5364 3.3614 0.4931 0.0 -0.0 -52.182
tetrapod_small -28.921 -14.4225 0.5462 -7.6194 107.5559 88.7906
cone 82.9674 14.8162 0.6842 180.0 -180.0 14.9977
tetrapod_small 0.2704 49.689 1.3136 -156.669 32.7973 79.8719
tetrapod_small -29.1068 -8.9538 1.5648 -42.7135 -148.029 20.0873
tetrapod_big -71.5531 -103.0408 0.721 -125.2216 52.1337 1.8562
ring -26.5499 27.0116 0.375 0.0 -0.0 80.9963
ring -23.0392 16.7903 1.125 180.0 -180.0 54.0013
tetrapod_small -0.5985 42.5535 0.7615 77.5916 -8.3445 -44.0886
tetrapod_small -30.2059 -4.8169 2.819 -119.4725 40.6994 73.043
tetrapod_small -7.7891 43.166 3.2981 163.0741 15.2389 4.5948
cone 81.4355 19.1259 0.6842 180.0 180.0 -18.9943
tetrapod_small -56.4713 -13.5517 0.4926 -0.0771 109.3829 -86.0354
tetrapod_small -57.9539 17.3772 0.4926 55.1488 -117.0763 -5.7332
cone 88.2241 3.9121 0.6842 0.0 -0.0 -47.9983
tetrapod_big -71.6704 -82.8759 0.721 124.4373 66.3305 8.0775
ring -29.7868 21.3905 0.375 0.0 -0.0 -52.0027
tetrapod_small -63.3296 -12.1106 0.4925 -0.0012 109.4537 -23.5633
cone 103.4461 77.69 0.6842 0.0 -0.0 43.7156
tetrapod_small -4.2856 41.6397 0.6772 -89.4811 -67.2423 39.6579
cone 110.5256 44.2841 0.6842 180.0 180.0 -43.0006
tetrapod_small -29.3984 -13.3101 1.7938 -25.447 -163.9351 8.9334
cone 97.0243 61.3732 0.6842 0.0 -0.0 86.5639
cone 84.71 12.402 0.6842 180.0 180.0 -6.9947
tetrapod_small -2.7799 47.529 2.2044 10.9809 -80.7434 -60.4853
tetrapod_small -13.4547 41.7069 1.373 131.2576 -113.2536 -6.3217
tetrapod_small -32.3618 -8.5827 0.6602 137.7438 -21.4109 31.4558
tetrapod_small -13.5321 45.5293 0.7714 102.3259 134.5236 5.7275
tetrapod_small -21.8851 -3.829 0.8455 161.225 63.772 -42.1168
ring -8.24 -30.66 1.8751 180.0 -180.0 0.2636
tetrapod_small -11.3002 48.1903 0.4923 59.5395 -152.4217 18.4189
tetrapod_small -29.0513 -1.1345 0.6415 -58.7187 -83.2038 -9.9817
ring -30.0603 21.3371 1.125 180.0 180.0 -76.0042
cone 92.8331 61.9727 0.6842 180.0 180.0 47.434
tetrapod_small -11.8375 43.0268 1.8035 -3.9719 123.3569 20.7017
tetrapod_small -25.5402 -7.222 1.9713 -133.323 -46.8451 -12.3955
tetrapod_small -61.9691 46.7252 0.4925 -124.0346 68.9848 -9.8633
tetrapod_big -48.0824 11.8073 0.721 -70.3734 -70.8265 29.8968
cone 100.2904 71.7607 0.6842 180.0 -180.0 -11.7085
tetrapod_small -4.9902 43.5069 0.5171 97.8282 131.6577 39.9345
tetrapod_small 1.4912 43.4162 0.6595 120.3769 158.7431 20.6991
tetrapod_small -67.6897 27.0237 0.493 180.0 180.0 -14.3964
cone -54.2404 -21.7528 0.685 0.0 -0.0 84.0008
tetrapod_small -28.8914 2.0457 1.2783 -44.8795 169.5317 12.1272
tetrapod_small -4.8412 52.1998 1.7592 46.5811 22.5953 37.2282
cone 104.1951 46.2384 0.6842 0.0 -0.0 14.0041
tetrapod_small -37.6631 -2.504 0.6463 77.066 -127.3062 30.9977
tetrapod_small -19.9272 -7.469 0.6249 -150.5432 147.4659 35.1046
cone 94.1792 63.3803 0.6842 180.0 -180.0 86.4344
tetrapod_small -8.9217 38.9043 1.833 -116.3485 150.4276 -21.1128
tetrapod_small -0.7717 49.6462 2.1892 62.3438 -82.4385 -5.4297
tetrapod_small -5.2306 39.5593 2.6515 1.6743 -140.1536 8.7195
tetrapod_small -12.5516 46.0069 1.3189 130.2068 154.0999 -17.71
cone -55.6766 -49.1902 0.685 0.0 -0.0 -88.9953
tetrapod_small -25.1855 -3.6805 1.8826 25.1947 10.5761 19.3744
tetrapod_small -0.2194 46.9675 1.4435 105.1818 63.8947 30.8997
tetrapod_small -22.5047 -14.9111 0.4925 179.8596 -70.4605 30.8096
cone 110.1656 17.2034 0.6842 180.0 180.0 -46.993
tetrapod_small -25.3833 -0.463 0.6228 145.4984 -167.4888 46.5903
tetrapod_small -14.4373 45.887 0.5221 -0.3319 5.5231 54.5317
tetrapod_small -6.028 40.6571 1.9183 -134.8428 -41.8931 -38.1785
cone -54.1533 -61.8058 0.685 180.0 180.0 -39.9975
ring -28.7258 15.3023 1.125 0.0 -0.0 -66.9956
cone 88.5209 56.7387 0.6842 0.0 -0.0 73.5679
ring -26.6962 27.0757 1.125 0.0 -0.0 -29.9987
tetrapod_small -23.2286 -15.1829 0.8273 75.5951 -27.6582 -2.1305
tetrapod_small -24.5902 -16.4058 0.6322 -25.0003 -127.2244 -4.1323
tetrapod_small -20.9479 -4.901 0.6703 0.0617 49.6517 8.2804
tetrapod_small -10.2205 41.0101 1.8676 125.9197 -155.0064 -10.7869
tetrapod_small -12.2811 49.72 0.4929 0.4092 -0.3007 62.2611
tetrapod_small -25.5239 -7.5881 0.619 -0.2344 82.5222 -11.1678
tetrapod_small -31.8209 -7.982 1.6941 178.5383 -120.7778 -53.9774
tetrapod_small -23.6458 -5.5383 0.652 -124.8784 -8.4733 -4.6354
cone 82.8836 16.8462 0.6842 180.0 -180.0 52.0027
tetrapod_small -5.7171 45.3932 0.9716 -60.7221 -82.9282 61.9931
ring -29.3566 12.412 0.375 180.0 180.0 -26.0047
tetrapod_small 0.6613 48.5908 1.0302 -54.9584 -23.465 -1.62
cone 105.0891 73.4699 0.6842 0.0 -0.0 -46.2949
cone -53.5886 -34.068 0.685 0.0 -0.0 43.9986
ring -5.8912 -25.3001 0.375 180.0 -180.0 45.0009
cone 108.3885 48.5354 0.6842 0.0 -0.0 16.9992
tetrapod_big -16.3724 -105.8222 0.721 65.7216 -80.6772 -26.3912
tetrapod_small -52.2806 35.6426 0.5892 104.8097 147.0558 26.4162
tetrapod_small -11.687 43.016 0.6202 -114.8289 139.1149 -19.7801
tetrapod_small -6.5755 43.1212 1.6569 -9.2905 -105.4567 -30.7346
ring -6.7307 -42.6447 0.375 180.0 -180.0 37.0004
ring -17.7591 30.1517 0.375 180.0 -180.0 30.9967
tetrapod_small -1.396 53.7842 0.4926 -60.4771 -156.6481 -20.2227
tetrapod_small -29.2069 -0.0341 1.4463 127.1535 -125.0905 51.015
cone -49.779 4.2315 0.685 180.0 180.0 -43.0006
cone -49.1168 -6.2775 0.685 180.0 180.0 -48.9989
tetrapod_small -30.8228 -1.6285 1.3448 70.7641 -51.1082 -2.3866
cone -36.5458 25.4976 0.6842 0.0 -0.0 -26.2409
tetrapod_small -5.3956 50.2541 0.9462 162.8614 107.9403 38.4265
tetrapod_small -28.6158 -12.7802 1.3806 -79.0969 14.1117 21.5339
tetrapod_small -19.9793 -8.4954 0.5295 179.6989 -173.3103 -3.8867
cone 106.8451 11.2047 0.6842 0.0 -0.0 -34.0033
cone 84.5143 36.3197 0.6842 180.0 180.0 -47.9983
tetrapod_small -33.8478 5.2025 0.4926 0.0031 109.4604 35.248
tetrapod_small -28.3453 -6.4094 0.6369 -169.7381 -161.8528 83.7509
tetrapod_small -2.7142 49.6944 2.4241 -67.3831 73.056 21.369
tetrapod_small -22.466 -10.3574 0.6619 133.7119 99.7189 72.5793
cone 95.0815 38.8896 0.6842 0.0 -0.0 -27.9974
tetrapod_small -28.4963 -14.1581 1.6092 -127.9969 97.6837 -35.9522
cone -37.093 31.0424 0.6842 180.0 -180.0 25.2316
tetrapod_small -27.787 -5.6346 2.1315 2.4335 -162.0854 11.7497
tetrapod_small -67.1046 -9.3755 0.4926 -63.9775 -84.7188 24.6715
tetrapod_small -27.8874 -2.8344 0.6176 -119.2305 -1.5099 56.0213
ring -0.4885 -37.9344 0.375 180.0 180.0 -0.9969
tetrapod_small -0.3592 40.3584 0.7688 -94.848 -97.2546 20.6339
tetrapod_small -3.4907 37.8796 0.7382 102.9513 48.5471 3.4659
tetrapod_small -4.1193 49.5764 0.8653 -123.9239 77.5344 56.4445
tetrapod_small -0.2813 48.0538 0.7705 84.9634 77.5495 48.759
tetrapod_small -2.6961 46.1842 1.742 28.1493 -120.631 -53.1181
tetrapod_small -23.8851 -3.5088 2.2067 130.3495 52.4416 -8.4249
tetrapod_big 43.0891 -85.3828 0.721 -115.0154 97.6654 -25.7082
tetrapod_big -70.4645 -93.1638 0.721 117.3281 17.4401 -23.1957
cone 102.3082 74.3288 0.6842 0.0 -0.0 87.7067
tetrapod_small -31.5971 -7.5108 0.6634 -119.8814 103.2735 46.6264
tetrapod_small -21.792 -13.3782 0.5573 -60.6284 -122.456 -9.8622
tetrapod_small -29.4716 -3.5504 0.4923 1.2582 110.5347 -74.0653
tetrapod_small -64.8913 8.9013 0.4931 -179.9998 -179.9075 -59.5907
ring -26.3153 21.2989 1.125 180.0 -180.0 5.1812
tetrapod_small -18.6464 -14.4544 0.493 -0.0403 0.0213 26.5243
tetrapod_small -34.5239 -7.9562 0.624 119.9626 118.6423 7.9078
tetrapod_small -6.7934 46.0634 3.6316 134.5556 18.2283 23.7783
tetrapod_big -29.4858 -76.7221 0.721 112.4382 103.3731 27.9516
tetrapod_small -1.7338 44.8092 1.7564 -124.2484 161.2755 -24.9046
cone -56.3118 -19.2434 0.685 180.0 180.0 -6.9947
tetrapod_big -71.1314 59.0375 0.721 -122.5191 76.1376 -14.4595
ring -10.4208 -25.8927 0.375 0.0 -0.0 90.0
tetrapod_small -13.9038 -0.2006 0.4926 -99.1918 128.6922 -34.1962
tetrapod_small -27.5975 -15.2232 0.6353 -120.5645 127.4573 -9.5548
cone 104.6642 13.6082 0.6842 180.0 -180.0 16.0025
cone 94.1187 40.8008 0.6842 180.0 180.0 -5.9961
tetrapod_small -30.8937 7.0443 0.4926 81.5465 -50.0039 -34.3563
tetrapod_small -1.7733 37.1447 0.4929 179.9647 179.9647 -2.8421
tetrapod_small -11.4696 52.1178 0.4926 -0.0023 109.4574 -73.2565
tetrapod_small -4.013 54.3931 0.4931 0.0 -0.0 11.6276
tetrapod_small -4.6435 40.1894 2.3529 -69.8148 99.4472 -18.8073
tetrapod_small -4.4187 47.0689 2.9757 -118.0731 -81.0685 -47.5122
cone -64.6274 -0.2075 0.685 0.0 -0.0 29.0036
tetrapod_small -31.9826 -15.3516 0.493 -0.0637 -0.1512 -45.7095
tetrapod_small -2.338 47.964 1.5613 15.6075 68.8325 14.6935
tetrapod_small -7.6655 40.2359 1.6039 -112.3632 -134.0471 -0.4262
tetrapod_small -7.287 38.2566 1.5674 154.2428 -75.4485 -57.0976
tetrapod_big -47.3426 30.6814 0.721 -120.4402 83.39 -18.7254
tetrapod_small -6.7182 50.5388 0.6388 -131.0083 27.1802 22.9386
ring -20.0415 23.5942 1.125 180.0 180.0 -43.9986
tetrapod_small -9.6419 47.0955 2.9131 -77.4348 72.4422 18.8503
tetrapod_small -5.8448 40.4568 2.955 24.1914 -65.4846 -0.0326
tetrapod_small -16.0613 44.0267 0.4926 -124.7471 45.5742 6.431
tetrapod_small -32.1506 -5.6629 2.487 168.9302 -176.0397 45.3205
tetrapod_small -35.6804 -6.2856 0.4925 -117.5023 91.6442 -23.104
tetrapod_small -25.2573 -8.3849 1.6993 -70.3183 132.9666 -66.8696
tetrapod_small -22.0074 -9.5203 1.3367 172.8571 129.1766 -8.1469
tetrapod_small -50.5593 22.9987 0.6107 179.9797 -156.4863 59.9783
tetrapod_small -28.579 -3.9858 2.2715 31.9578 -107.6497 -57.3073
cone 82.7483 12.8243 0.6842 180.0 -180.0 34.0033
tetrapod_small -32.652 -9.7574 0.6699 -0.2981 60.6453 70.654
tetrapod_big 80.2978 -87.0578 0.721 -179.9961 -70.5342 -3.0908
tetrapod_small 0.5684 46.8551 0.6706 104.2246 155.9809 35.3604
tetrapod_small -30.9174 -8.3778 1.0433 65.1516 104.4724 -42.9891
tetrapod_small -26.9655 -7.6597 3.3236 -136.5964 38.776 -17.0223
tetrapod_small -27.8253 -11.4634 0.8396 -98.8389 -138.3776 -18.4613
cone -68.5927 -61.2929 0.6842 180.0 -180.0 21.9996
cone -59.2104 -4.7771 0.685 0.0 -0.0 0.9969
cone -62.4509 -58.2682 0.685 0.0 -0.0 -45.9969
cone 92.9793 35.4109 0.6842 180.0 180.0 -26.0047
tetrapod_small -10.2905 45.913 2.849 -138.206 100.1982 -51.611
tetrapod_big -60.8579 31.0301 0.721 0.0067 109.458 45.6585
tetrapod_small -25.0972 -10.6285 2.6122 3.825 48.7834 18.7146
cone 101.1578 17.2285 0.6842 180.0 180.0 -11.997
tetrapod_big 5.5472 -105.2904 0.721 -107.2628 113.8221 -31.2285
tetrapod_big -6.0779 -106.1855 0.721 56.7133 -143.3079 12.3607
tetrapod_small -32.574 -4.412 2.0564 166.8067 149.3355 34.5026
tetrapod_big -59.5105 2.4964 0.721 179.989 -70.5251 60.841
cone 102.9132 1.497 0.6842 0.0 -0.0 84.9991
ring -12.6291 -29.1403 1.125 0.0 -0.0 80.9963
tetrapod_big -17.285 -85.6625 0.7217 180.0 180.0 -73.4946
cone -68.7888 -15.0185 0.6811 180.0 -180.0 29.0036
tetrapod_small -7.4527 48.7659 0.6899 67.5763 -160.0673 -38.4621
tetrapod_small -0.7291 49.9958 1.0683 133.2156 -175.9372 -42.684
ring -26.5362 10.7089 0.375 180.0 180.0 -50.9981
tetrapod_small -8.2198 39.1741 2.2436 -116.1684 -29.6381 -23.7174
cone 104.6626 11.1409 0.6842 180.0 180.0 -69.0011
cone -63.4596 -22.4465 0.685 180.0 -180.0 50.9981
tetrapod_big -71.9635 50.6305 0.7217 180.0 180.0 -67.021
ring -19.6874 20.9767 0.375 180.0 -180.0 23.0042
ring -25.3927 30.314 0.375 0.0 -0.0 6.9947
tetrapod_small -7.0947 39.202 0.9781 -120.6272 -81.057 -26.6948
tetrapod_small -21.4299 -5.3144 1.6581 137.5179 69.5761 29.4507
tetrapod_small -25.5995 -9.9744 2.4396 129.3006 85.2779 -27.0325
ring -23.1932 23.192 1.125 180.0 180.0 -87.0018
tetrapod_small -23.9307 -6.5418 2.4235 70.6577 79.8997 58.527
tetrapod_small -33.9689 -9.9181 0.5624 -120.713 79.5955 -1.6397
tetrapod_small -4.9228 46.6605 1.4502 -73.6311 139.9105 14.4019
cone 105.9735 76.8863 0.6842 180.0 -180.0 37.2903
tetrapod_small -5.7781 47.1657 1.9398 -173.4937 137.2784 -9.5372
tetrapod_small -32.5702 -3.2993 0.6672 106.8086 -139.2508 48.9626
cone -67.9459 -50.9263 0.685 180.0 -180.0 4.998
cone -31.4546 30.3302 0.6842 0.0 -0.0 -84.2368
tetrapod_small 0.3638 37.3213 0.6236 120.1392 16.3423 7.1136
tetrapod_small -26.9439 -6.5079 1.9405 -77.8201 -38.7741 58.5713
tetrapod_small -28.3729 -13.0987 0.6407 75.3334 -2.5225 -29.4428
tetrapod_small -29.1412 -7.4159 0.5233 -89.2775 -45.5552 32.8211
cone 101.5 76.7 0.6842 180.0 -180.0 59.2879
ring -27.2529 23.8427 1.1548 -0.4864 -1.2198 31.8244
cone 93.6071 -8.687 0.6842 180.0 180.0 -14.0041
ring -19.2862 -29.6934 0.375 0.0 -0.0 0.0
cone -48.7514 -11.0964 0.685 180.0 -180.0 0.9969
tetrapod_small -10.9007 38.9791 0.5548 52.8078 -152.2453 18.4604
tetrapod_big -49.006 -94.1464 0.721 61.9899 -160.8127 22.3622
cone -66.4427 4.3931 0.6842 0.0 -0.0 5.9961
tetrapod_small -8.1018 44.2557 0.5618 -90.99 -11.5885 30.6867
tetrapod_small -67.756 47.1547 0.4926 179.9936 -70.5378 17.6044
tetrapod_small 1.5035 44.639 0.7131 -144.4064 22.2923 32.6406
tetrapod_big -60.0589 60.3644 0.721 55.615 -137.1858 8.318
tetrapod_small -6.6639 46.9913 3.7638 71.1455 69.0204 -4.1233
tetrapod_small -36.1223 -10.0193 0.8586 -72.9701 -91.5459 16.8544
tetrapod_small -64.9617 43.427 0.4926 -0.0014 109.4625 32.8132
tetrapod_big -48.2893 20.2775 0.721 -70.3969 -70.7853 29.9137
tetrapod_small -3.1738 47.6779 0.9332 -63.4994 9.2891 -3.6224
cone -64.4048 -24.8051 0.6842 0.0 -0.0 -82.9949
cone -50.3062 -20.9249 0.685 180.0 180.0 -23.0042
cone -49.8998 -36.8728 0.6842 0.0 -0.0 35.0
cone 112.8112 44.9053 0.6842 180.0 -180.0 29.9987
ring -9.3502 -22.8662 0.375 180.0 -180.0 10.9947
tetrapod_small -0.1019 52.2326 0.4925 102.0763 123.5325 33.2557
tetrapod_small -7.2436 49.4564 1.4464 -119.7129 61.8554 -62.5005
tetrapod_small -6.1775 42.4457 2.583 -170.8318 -173.207 -12.1249
tetrapod_small -7.8196 51.3666 1.1821 -137.0354 -26.4664 -10.3861
tetrapod_big 31.6339 -85.5721 0.721 -69.965 -71.6415 29.6478
tetrapod_big 67.0566 -76.8249 0.721 -121.445 80.0943 -16.8317
tetrapod_small -1.7945 40.3518 0.6127 -158.1609 -50.8055 -17.7952
tetrapod_small -14.4782 48.0578 0.5062 -54.2309 -122.8562 -0.0684
tetrapod_small -21.16 -11.7059 0.4922 -72.0362 -68.1057 31.2208
cone 101.0605 69.8576 0.6842 0.0 -0.0 21.7074
tetrapod_big -71.6427 69.2474 0.721 -99.4075 128.3108 -34.1431
tetrapod_small -22.0448 -7.7359 0.8393 43.129 104.579 4.1651
tetrapod_small -21.1516 -6.1903 0.5076 -109.6394 111.8671 -28.2884
cone 104.8046 17.6503 0.6842 0.0 -0.0 -68.0031
tetrapod_small -23.8917 -7.9484 2.6626 -57.6516 3.624 -29.3778
cone 110.7712 41.9253 0.6842 180.0 -180.0 29.9987
tetrapod_small -52.9376 -11.8696 0.4926 -0.0329 109.4926 76.3168
ring -5.0342 -46.971 0.9069 98.5193 111.8169 -67.8754
cone 98.2705 -4.133 0.6842 180.0 180.0 -60.9979
tetrapod_small -27.293 -8.8327 0.6713 175.3664 54.2783 -9.2477
tetrapod_small -5.2177 52.3462 0.4922 -179.3765 -70.3063 -59.3255
tetrapod_small -22.3396 -7.5229 1.8631 -16.7398 106.5408 -7.0436
tetrapod_small -24.9731 -2.0865 0.4918 55.0982 -127.0636 1.0029
cone -54.6851 -32.3825 0.685 180.0 -180.0 8.0047
cone -59.429 -1.4986 0.685 0.0 -0.0 -24.9955
tetrapod_small -3.3509 40.1457 1.9466 -94.225 143.9386 -24.0624
cone 107.1725 74.8075 0.6842 0.0 -0.0 89.7083
tetrapod_big -47.6439 -74.9534 0.721 -113.5236 101.006 -27.0545
ring -21.9645 17.3795 0.375 180.0 -180.0 35.0
tetrapod_small -3.8227 44.7289 1.4086 84.0897 -103.0161 4.4752
tetrapod_small -26.6215 -10.5663 0.9536 -87.2836 62.0194 -33.0759
tetrapod_small -62.4575 56.8973 0.4926 83.721 -46.1878 -34.7691
cone 94.7096 57.9233 0.6842 0.0 -0.0 59.5651
tetrapod_small -25.6392 -11.3501 0.9427 13.9657 -60.234 10.2159
ring -4.3542 -44.5644 0.375 0.0 -0.0 30.9967
cone -53.9716 -45.3663 0.685 180.0 -180.0 78.0015
tetrapod_small -5.766 50.4701 1.8853 19.5721 138.2374 -59.9729
tetrapod_big -59.7613 70.0364 0.7217 180.0 -180.0 82.3449
tetrapod_small -37.5564 -9.9619 0.4926 62.0739 -161.0362 22.4631
tetrapod_small -3.5273 51.0714 1.5747 179.1868 -13.4082 -6.1264
cone 89.8228 53.6014 0.6842 0.0 -0.0 -9.4302
tetrapod_small -51.8566 9.1288 0.4926 179.9889 -70.5483 -61.6831
tetrapod_small -2.4574 50.8255 0.7866 -154.6645 -82.0748 -1.6458
tetrapod_small -27.3347 -4.3576 1.1762 -153.4894 -169.3077 -23.7835
cone -68.9592 -27.0305 0.685 180.0 -180.0 23.9998
tetrapod_big 55.6275 -105.8317 0.721 107.1462 114.0432 31.2934
tetrapod_big -48.0026 -26.0864 0.721 78.8963 -54.7512 -33.6769
tetrapod_small 1.7428 36.8162 0.4926 -111.7657 4.6871 28.4883
tetrapod_small -0.2215 45.1798 0.6932 -81.5026 -68.9269 -75.2261
tetrapod_small -7.2524 47.459 1.8282 133.3275 -92.9042 -10.9956
tetrapod_small -19.6329 -5.7215 0.5929 103.3192 27.0112 -27.1231
tetrapod_small -66.0473 -17.0894 0.4926 -108.1518 112.0875 -30.7646
tetrapod_small -10.6493 43.6482 0.4923 84.5882 -45.1835 -35.8779
cone 94.0397 55.9725 0.6842 180.0 180.0 -72.5687
cone -50.6284 6.4494 0.685 0.0 -0.0 20.9951
tetrapod_small -3.5851 38.7504 0.9668 98.7354 -34.1473 29.2999
tetrapod_small -31.4129 -3.3643 2.7657 47.2773 167.4145 -21.0726
tetrapod_small -28.5931 -10.409 3.1075 -97.4491 -119.5243 -67.1574
tetrapod_small -24.0039 -2.6054 1.362 88.7901 -37.2456 3.9997
tetrapod_small -9.2572 45.1618 1.8973 -4.596 -167.4845 -76.8288
ring -3.639 -37.4057 0.9091 -170.9599 -155.7261 -4.3684
tetrapod_small -62.0518 38.1292 0.5028 -179.9372 -72.2077 -57.7877
tetrapod_small -29.1566 -4.9743 3.5101 -90.4501 168.7484 1.7136
tetrapod_small -20.5749 -12.4334 0.8347 98.4469 -38.9054 -1.317
tetrapod_small -12.0184 41.6135 0.9231 -145.9456 -130.1928 -11.1544
tetrapod_small -12.8064 47.0273 1.8683 36.9495 -112.0835 46.1382
ring -16.1034 26.1931 0.375 0.0 -0.0 23.0042
ring -26.488 23.8991 0.375 180.0 180.0 -14.9977
cone 106.093 68.4247 0.6842 180.0 -180.0 -62.7038
tetrapod_big -60.6165 40.406 0.7217 0.0 -0.0 76.6002
cone 96.758 2.7452 0.6842 180.0 -180.0 23.0042
tetrapod_small -26.1825 -5.5674 2.6172 -146.441 124.7082 35.3902
tetrapod_small -2.5794 45.1626 0.8009 -40.096 -72.4702 33.0708
tetrapod_small -20.8249 -18.1338 0.4926 -97.1083 -22.8663 34.6226
tetrapod_small -3.4335 50.9367 2.4243 93.6011 -24.1817 -28.3383
cone -49.0262 -56.7295 0.685 180.0 -180.0 58.0001
cone -30.0766 33.2646 0.6842 180.0 -180.0 47.2338
tetrapod_small -29.4463 -6.2616 1.713 50.3706 -83.1868 57.3782
tetrapod_small -52.7838 6.9515 0.4926 -116.6671 15.7599 23.9885
tetrapod_small -30.2874 -12.3272 1.8534 48.3399 164.0703 11.3499
ring -3.7403 -49.7019 0.375 0.0 -0.0 39.9975
tetrapod_small -9.9551 42.5518 2.0816 -130.3628 -16.589 50.6197
tetrapod_small -7.2801 37.5446 0.6549 -106.9748 -174.458 -31.4572
cone 87.277 38.9854 0.6842 0.0 -0.0 87.0018
cone -35.1022 23.4011 0.6842 0.0 -0.0 -32.2339
tetrapod_small -32.8729 -6.3834 0.4946 120.9537 28.9545 -17.2968
tetrapod_small -6.1215 51.0566 0.9333 -61.385 -16.6863 66.8721
tetrapod_small -9.2438 47.6256 1.2238 -64.9409 -1.374 -33.8714
tetrapod_big -72.4475 -37.0038 0.721 179.9983 -70.5364 35.4684
tetrapod_small -10.6021 44.8377 0.9776 71.1705 97.511 -25.4213
tetrapod_small -10.035 41.6785 1.055 116.7608 85.033 -17.3287
tetrapod_small -28.6378 -0.6217 1.6507 179.2244 -6.4317 -60.0088
cone -33.4484 21.645 0.6842 180.0 -180.0 12.2387
tetrapod_small -25.2447 -17.3685 0.4924 -179.4736 -69.666 -81.7958
cone -50.749 -10.9406 0.685 180.0 180.0 -46.993
cone -58.2678 -50.6062 0.6848 180.0 -180.0 14.9977
ring -28.83 16.88 1.8751 180.0 180.0 -13.1385
tetrapod_small -2.8036 49.4718 0.6237 76.3085 -135.0899 27.9619
cone 98.8199 0.115 0.6842 180.0 -180.0 38.0041
cone 103.41 80.16 0.6842 0.0 -0.0 43.7156
tetrapod_small -30.6088 -17.3166 0.6218 45.5444 -54.7125 57.1163
ring -17.9951 24.0431 0.375 180.0 180.0 -30.9967
tetrapod_small -1.546 46.4299 2.2594 0.1002 164.4813 48.9986
tetrapod_small -25.4298 -12.9293 0.6705 -3.7277 55.2012 86.9193
tetrapod_small -2.2057 48.9272 1.8644 47.5523 76.842 -44.892
tetrapod_small -53.447 25.4604 0.4926 103.1051 121.6191 33.0282
cone 99.703 75.7363 0.6842 180.0 -180.0 55.2929
tetrapod_small -6.1469 39.0765 2.0716 95.9424 -89.9185 11.3882
cone 101.674 -2.3271 0.6842 180.0 180.0 -53.002
cone 100.2834 -7.691 0.6842 180.0 -180.0 60.9979
cone -70.1122 -31.7555 0.685 180.0 180.0 -3.0025
tetrapod_small -66.9484 0.5653 0.4926 122.4522 33.1111 -14.612
cone -56.9407 -4.3204 0.685 0.0 -0.0 5.9961
cone 108.2124 76.6413 0.6842 180.0 -180.0 37.2903
ring -35.8056 15.3832 0.375 180.0 -180.0 71.0008
tetrapod_small -22.203 -5.2616 2.6826 138.9888 -4.7494 31.4807
ring -9.4283 -28.7282 1.125 180.0 -180.0 31.9947
cone 98.5105 58.0818 0.6842 0.0 -0.0 86.5639
tetrapod_small -23.0525 -13.008 1.7805 -81.6118 -140.8551 -1.0307
tetrapod_small -4.4777 45.2531 1.2862 173.9743 104.1735 -44.9777
tetrapod_small -24.4569 -13.6236 1.2503 58.4233 -28.8771 -5.9575
tetrapod_small -66.4453 23.8267 0.493 180.0 180.0 -67.9872
cone 98.7082 -10.105 0.6842 0.0 -0.0 -42.0026
tetrapod_small 0.522 40.914 1.1711 -88.0316 164.4002 15.956
tetrapod_small -16.5478 -7.0738 0.493 180.0 180.0 -59.9858
tetrapod_small -33.5174 -1.6169 0.4926 179.9556 -70.5933 -58.5332
cone 106.5212 49.5353 0.6842 0.0 -0.0 80.9963
cone 106.6461 44.6492 0.6842 0.0 -0.0 -43.9986
tetrapod_small -50.9791 21.4013 0.493 0.0949 0.103 -85.3074
tetrapod_small -50.8257 1.9537 0.4926 -0.0039 109.4562 -57.0212
tetrapod_big 30.4996 -75.9111 0.721 -179.9965 -70.5336 -57.0867
tetrapod_small -6.0549 44.7412 1.5598 -160.0467 105.2365 27.3311
tetrapod_small -26.9246 -19.0317 0.493 0.0 -0.0 -24.1391
tetrapod_small -23.5404 -9.7418 0.6649 -0.2616 44.3907 -51.2582
tetrapod_small -49.7303 -2.6653 0.4931 180.0 -180.0 23.9998
cone 80.6436 17.2879 0.6842 0.0 -0.0 30.9967
cone 102.4412 10.7453 0.6842 180.0 180.0 -69.0011
tetrapod_small -8.2571 57.4963 0.4926 179.9991 -70.5379 -35.9107
tetrapod_small -30.7891 -8.4526 2.1521 156.8113 -120.5804 22.2066
tetrapod_small -64.5079 20.505 0.4926 124.2234 67.7606 9.0422
tetrapod_small -50.0327 68.603 0.4926 -64.5138 -83.4359 25.2362
tetrapod_small -11.4546 40.7816 1.0558 119.1137 -73.2323 -3.869
ring -12.4516 -27.81 0.375 0.0 -0.0 47.9983
ring -11.9201 -38.4884 0.9747 29.8462 -16.3534 18.11
tetrapod_small -21.9956 -0.8562 0.6544 -120.2033 -43.2382 18.3336
tetrapod_small -24.8782 -8.5195 2.4499 115.0754 -7.1302 -22.1892
tetrapod_small -9.4285 40.1345 2.5562 -95.6871 73.3039 9.8893
cone 85.2016 1.6736 0.6842 0.0 -0.0 -90.0
tetrapod_small -30.7021 -9.2586 0.7921 -104.8466 88.1773 -49.3523
ring -37.2146 12.6417 0.375 0.0 -0.0 -82.9949
tetrapod_big -59.8016 -54.5045 0.7217 0.0 -0.0 -49.291
tetrapod_small -0.845 45.514 1.7145 175.242 58.4134 -1.6625
tetrapod_small -6.7823 43.4281 2.7468 -110.3703 -128.4685 -54.5843
tetrapod_small -5.0244 47.9213 1.3579 82.2556 -35.4165 34.1224
tetrapod_small -23.9133 -9.2572 3.1466 145.8947 -102.2651 -70.6549
cone -30.5965 23.8605 0.6842 180.0 -180.0 12.2387
tetrapod_small -10.8669 45.8119 1.6052 84.9366 177.8155 1.0457
tetrapod_small -4.0669 46.9416 0.664 66.9974 -79.1221 -3.1183
tetrapod_small -25.5676 -9.487 0.7071 -111.4628 -4.7105 45.0816
tetrapod_small -26.5527 -11.8559 1.7806 -33.5419 19.9874 -4.6718
tetrapod_small -28.1143 2.1896 0.5954 123.0485 6.4399 -46.9702
tetrapod_small -29.06 -5.9635 0.8818 -5.7221 77.7328 52.3932
tetrapod_small -8.6773 42.0478 0.6958 21.9999 -112.4544 -19.1162
tetrapod_small -27.5093 -7.8968 0.4921 56.0168 -138.8271 9.2008
tetrapod_small -6.2654 48.9239 2.6277 126.914 176.0275 -23.9155
tetrapod_small -30.7043 -7.14 1.7101 -40.9262 -72.4799 46.5894
ring -3.9214 -40.3041 0.375 180.0 180.0 -54.9956
tetrapod_small -4.9149 39.6892 1.4763 -33.7828 163.1095 35.6263
tetrapod_small -3.7877 49.8456 1.932 105.975 78.5461 23.3109
tetrapod_small -24.7965 -14.0268 0.577 -133.8177 82.38 -29.8593
tetrapod_small -62.2603 36.7254 0.4926 -54.8449 -123.3093 1.3869
tetrapod_small -32.4921 -12.4654 0.943 -130.9942 -172.2961 33.9875
tetrapod_small -18.9468 0.353 0.4926 -62.4175 -88.5551 22.9145
cone -52.9963 -8.8122 0.685 0.0 -0.0 -80.0044
cone 108.6609 45.0905 0.6842 180.0 -180.0 57.0051
cone -52.5374 -6.0516 0.685 0.0 -0.0 -6.9947
ring -22.48 24.27 1.8751 180.0 180.0 78.6046
tetrapod_big 5.4092 -85.0315 0.7217 180.0 180.0 -87.4961
cone 106.0432 47.452 0.6842 0.0 -0.0 -68.0031
tetrapod_small -24.5416 -7.2212 1.8828 -137.726 3.5085 3.2619
tetrapod_small -9.9805 45.4521 0.5121 -176.4692 -70.4561 22.2384
cone 86.3046 4.5106 0.6842 0.0 -0.0 35.9966
cone -34.4924 25.3031 0.6842 180.0 -180.0 39.229
cone -69.2989 -3.1409 0.6842 0.0 -0.0 88.9953
tetrapod_small -6.1093 36.1609 0.4926 75.7643 -60.3396 -32.6268
cone -63.1347 -50.4792 0.6811 0.0 -0.0 -82.9949
tetrapod_small -1.5229 47.1757 0.7735 70.3254 33.2166 -33.1743
tetrapod_small -32.7518 -1.806 0.9546 169.6168 -170.8312 55.1551
tetrapod_big -71.4613 -16.182 0.7217 180.0 180.0 -66.1025
tetrapod_small -63.8429 23.9258 0.4926 125.0333 48.6493 -4.2899
tetrapod_small -63.1392 31.9156 0.4926 -0.0017 109.468 72.1036
tetrapod_small -8.9071 45.6129 2.8724 -177.1416 127.6733 -51.2722
cone 96.1233 63.4706 0.6842 0.0 -0.0 86.5639
tetrapod_small -8.1066 41.3937 1.9742 -3.8298 101.9634 -42.6999
cone -36.2648 28.3507 0.6842 0.0 -0.0 -50.2394
cone 82.7066 6.4129 0.6842 180.0 180.0 -56.0054
tetrapod_small -33.3729 -5.467 1.4737 81.8312 19.4812 -51.4313
tetrapod_small -32.4039 -1.1932 0.4926 91.3968 142.4393 35.2246
tetrapod_small -7.7685 49.0456 2.5751 63.7846 -106.5977 -49.4185
cone -52.1795 0.7256 0.6811 0.0 -0.0 -4.998
ring -7.6513 -35.2262 1.125 180.0 -180.0 63.0025
tetrapod_small -3.5987 38.5217 1.7766 -89.1802 148.3061 -44.1663
tetrapod_small -9.6225 46.1918 1.4165 58.0426 25.845 2.296
ring -13.7565 -35.193 1.125 0.0 -0.0 -45.9969
cone 98.502 36.1705 0.6842 180.0 180.0 -84.0008
tetrapod_small -10.1403 49.2251 0.493 -0.0732 -0.0002 77.2606
tetrapod_small -58.5292 -9.2171 0.4931 0.0 -0.0 -81.7606
tetrapod_big -59.4322 -103.9781 0.721 57.8239 -102.5275 -15.2734
cone 88.8159 30.3662 0.6842 180.0 -180.0 84.0008
tetrapod_small -25.1445 -6.8079 1.044 -71.2713 52.076 -3.6781
cone -67.5508 7.0644 0.685 0.0 -0.0 16.0025
tetrapod_small -6.577 49.2676 1.9269 176.6973 -4.2867 12.5147
tetrapod_small -2.19 42.727 2.1731 29.7822 15.9247 47.6687
tetrapod_small -3.8578 43.9814 0.7709 -81.5443 137.6863 -9.6732
tetrapod_big 79.3029 -95.898 0.721 -110.8369 106.7107 -29.1075
cone -50.2592 -0.3083 0.685 180.0 -180.0 6.9947
tetrapod_small -6.4969 43.8385 4.2193 -93.9577 -167.2522 61.3438
tetrapod_small -11.3553 44.242 2.4167 -65.2327 -106.3038 82.0242
ring -23.505 19.6936 0.375 0.0 -0.0 -20.9951
tetrapod_small -6.5379 45.5193 2.7939 -0.6271 -72.5618 50.5409
cone 104.4332 49.7626 0.6842 180.0 -180.0 43.0006
tetrapod_big 68.5377 -84.3004 0.7217 180.0 180.0 -73.8956
ring -1.8739 -32.1104 0.375 0.0 -0.0 -48.9989
tetrapod_small -30.1978 0.0858 0.7827 -179.0056 -42.9384 -17.6096
tetrapod_small -1.6316 43.8507 1.7875 105.808 68.3474 -2.8474
tetrapod_small -10.8861 42.8727 0.976 -160.9494 96.4294 75.2596
tetrapod_small -23.4984 -9.285 2.4133 178.2652 -24.4742 -3.9402
cone -38.7979 32.8725 0.6842 180.0 -180.0 -6.9597
tetrapod_small -32.0098 -3.7756 1.7918 109.5677 -25.8694 -36.5906
cone -60.6294 -42.1253 0.6811 180.0 180.0 -85.9965
tetrapod_small -31.2017 -12.6499 1.4219 86.8911 -35.3649 6.8131
tetrapod_small -10.6398 47.0546 0.4924 121.8402 77.3081 14.7566
tetrapod_small -21.7611 -4.0303 1.7548 13.3692 -1.7119 -0.0622
tetrapod_small -53.896 -15.0245 0.4926 -179.9987 -70.5395 -8.8382
tetrapod_small -27.8641 -6.8131 1.4219 -99.7869 173.1159 26.9163
tetrapod_big -59.9318 -75.0985 0.721 -119.4164 86.4707 -20.3883
cone 95.8676 54.6212 0.6842 0.0 -0.0 86.5639
cone -49.6579 -49.9849 0.6811 180.0 -180.0 26.0047
tetrapod_small -7.3245 39.0993 2.6301 -128.0395 97.3053 18.0557
tetrapod_small -24.8736 0.5544 0.6274 27.3614 -117.8938 -14.3346
tetrapod_small -57.4892 -2.6656 0.4926 66.0143 -80.0155 -26.6567
ring -31.9795 15.9314 0.375 180.0 -180.0 75.0003
tetrapod_small -29.5517 -1.7709 1.378 107.3938 177.4817 37.699
tetrapod_small -28.4604 -2.5651 2.4387 -113.1957 -178.0059 -31.9892
tetrapod_small -31.0849 0.2431 0.4924 66.7148 -172.4574 27.4635
tetrapod_small -9.9144 50.168 1.2399 -167.4926 -8.8418 29.6366
cone 79.3973 14.3274 0.6842 0.0 -0.0 43.9986
tetrapod_small -10.6839 50.1908 0.6713 2.8148 -124.2673 -20.1095
ring -15.7994 -29.0208 0.375 180.0 -180.0 19.9947
tetrapod_small -54.7837 53.8239 0.4926 -0.0018 109.4615 -26.0049
tetrapod_small -53.5596 31.2724 0.493 180.0 -180.0 37.1815
tetrapod_small -27.0642 -13.3102 0.9031 165.7505 -143.4881 -55.3529
tetrapod_small -16.2026 40.6758 0.4926 -69.443 -177.7859 -29.3003
cone 79.8198 10.3939 0.6842 0.0 -0.0 31.9947
tetrapod_small -25.5556 -7.008 3.859 74.9988 38.3849 72.7285
tetrapod_small -2.7652 37.0354 0.8268 162.195 51.2067 53.7226
cone 108.8816 11.3082 0.6842 0.0 -0.0 -29.9987
tetrapod_small -13.0738 47.9678 1.8131 44.0329 -54.9906 10.2162
tetrapod_small -64.3843 5.9662 0.4926 -85.8228 152.0097 -35.0441
tetrapod_small -4.4881 43.2556 2.8065 -147.5989 59.8502 -12.8444
tetrapod_small -8.1929 46.8722 1.7649 -95.6263 23.3139 36.9231
tetrapod_small -60.3264 13.8658 0.5983 115.3654 48.4816 16.5942
cone 107.6026 18.2961 0.6842 0.0 -0.0 -39.9975
tetrapod_small -21.7641 -6.0105 1.1416 -23.856 50.1179 68.4579
tetrapod_small -7.5984 41.6306 0.9039 -120.866 -171.7468 55.5114
tetrapod_small -5.8365 46.903 0.6508 119.4713 -146.1088 53.2687
tetrapod_small -22.9952 -10.0157 1.8194 121.728 -38.9572 -41.4879
tetrapod_small -23.9185 -10.6834 1.9573 -45.6225 -107.646 -55.7369
tetrapod_small -9.1277 43.7059 1.7867 75.6995 -67.5073 -30.6638
ring -0.3751 -49.164 0.375 0.0 -0.0 84.0008
tetrapod_small -4.7324 37.6978 0.6656 80.8121 -129.1904 -38.3562
cone 87.6501 8.3087 0.6842 180.0 180.0 -2.0055
tetrapod_small -16.0745 -1.905 0.493 180.0 -180.0 68.7214
tetrapod_small 2.1742 48.6102 0.4926 -56.7961 -106.8072 12.6145
tetrapod_big -60.5938 -64.6278 0.721 96.0994 -24.6297 -34.7934
cone -39.8383 29.0422 0.6842 0.0 -0.0 71.7641
tetrapod_small -26.5924 -8.2025 1.9096 56.1463 -157.2921 26.66
cone -58.164 6.0228 0.685 0.0 -0.0 90.0
tetrapod_small -16.7815 -14.727 0.4926 -62.9298 -87.2917 23.5043
cone -64.6769 -57.492 0.6842 180.0 -180.0 64.9995
cone -60.796 -21.3844 0.685 0.0 -0.0 -16.9992
tetrapod_small -22.465 -12.4634 0.5734 40.6435 -116.8987 -9.7684
tetrapod_small 2.1355 41.5335 0.4924 84.4314 -44.8006 -34.937
ring -7.7861 -27.2607 0.375 180.0 -180.0 9.0048
tetrapod_small -68.9458 14.106 0.4926 115.3565 12.6521 -25.3614
tetrapod_small -7.9596 49.9743 1.0484 -169.1598 -62.8718 0.8816
tetrapod_small -0.5794 44.4506 1.2748 111.1807 -88.0281 -38.3624
tetrapod_big -60.4426 -6.629 0.721 79.0573 -54.4526 -33.7281
tetrapod_small -17.3825 -1.5803 0.4926 0.0081 109.4603 -1.4373
tetrapod_small -21.2226 -10.3412 1.8222 52.3259 138.3749 5.6205
tetrapod_small -1.2073 47.841 2.4641 -18.7991 -71.6057 -58.7957
cone 93.5034 53.6011 0.6842 0.0 -0.0 49.5679
tetrapod_big 30.7345 -105.9258 0.721 -64.0088 -165.8626 -24.7158
ring -6.2649 -30.1217 1.125 180.0 -180.0 5.9961
tetrapod_big -48.0322 -35.8722 0.721 59.9511 -95.3844 -19.3941
cone 104.3212 21.8353 0.6842 0.0 -0.0 38.0041
tetrapod_small -33.3911 -15.0974 0.4927 -54.7863 -129.4175 -3.0105
tetrapod_small 3.3164 44.1598 0.4926 -0.246 109.1843 -57.962
cone 93.5226 -0.9213 0.6842 0.0 -0.0 18.9943
tetrapod_small -61.9002 -17.7707 0.493 0.0 -0.0 77.8386
tetrapod_small -6.8895 42.0636 1.1228 -135.6581 -74.2418 8.9867
tetrapod_small -29.7387 -12.6753 0.9935 -124.0337 -133.5524 -13.747
cone 106.4412 42.3853 0.6842 180.0 -180.0 29.9987
tetrapod_small -3.4122 41.0417 3.235 136.5913 84.788 -38.6689
tetrapod_big -70.5785 21.9463 0.721 -59.9112 -95.5052 19.3262
cone -62.6321 -28.2326 0.6811 180.0 -180.0 53.002
cone -69.7472 -39.7566 0.685 0.0 -0.0 -8.0047
tetrapod_small -28.4516 -2.9384 1.6439 171.8198 130.8037 45.9262
cone 107.1274 13.6938 0.6842 0.0 -0.0 -66.9956
tetrapod_small -1.8087 51.7598 0.5219 -0.0258 5.0556 1.3638
ring -23.8572 14.8939 0.375 0.0 -0.0 -84.0008
tetrapod_small 0.8745 49.7641 0.5542 -12.6851 87.4316 -83.9104
tetrapod_small -26.4929 -15.7707 0.4926 179.4134 -71.2057 -81.4097
ring -11.0396 -33.3118 0.375 180.0 -180.0 10.9947
tetrapod_small -50.7022 32.247 0.4926 -66.3011 -79.3697 26.9096
tetrapod_small -55.4545 38.5714 0.4931 180.0 180.0 -83.9123
cone -56.6083 -22.3096 0.685 180.0 180.0 -49.9985
tetrapod_small -9.8956 39.6504 1.8096 -139.0605 73.6421 6.8516
tetrapod_small -13.0862 44.8697 1.2152 26.0079 151.665 21.235
cone -62.4624 -45.7561 0.6848 180.0 -180.0 37.0004
tetrapod_small -21.1402 -0.2088 0.4926 0.0088 109.4168 17.8963
tetrapod_small -27.28 -3.4506 0.6843 -124.5331 90.4322 12.5453
tetrapod_small -22.9374 -3.2006 1.3057 -43.0863 -31.5844 7.5357
ring -14.5803 -33.1225 0.375 180.0 180.0 -10.9947
cone 80.7727 12.1515 0.6842 0.0 -0.0 -85.9965
tetrapod_small -27.2779 -5.7226 0.663 65.2535 -155.8829 -28.6946
tetrapod_small -6.7828 46.5089 0.8411 85.9423 -100.6067 15.8488
tetrapod_big 41.9892 -95.7467 0.721 -107.1335 114.0645 -31.301
tetrapod_small -30.6407 1.7984 0.624 -0.1154 27.4739 5.0576
tetrapod_small -0.4347 39.0021 0.7275 37.8207 -21.3747 -17.3624
tetrapod_small -0.3859 43.8307 0.4963 -125.6243 47.0043 6.899
ring -12.1496 -23.0818 0.375 180.0 -180.0 35.9966
tetrapod_small -69.6562 -18.7703 0.4926 120.6403 82.7634 18.3687
tetrapod_small -2.9325 42.0935 0.6323 98.5077 27.2655 -25.7219
tetrapod_small -35.6374 -9.4169 0.493 0.2696 0.3103 -81.988
cone -56.8966 -60.1776 0.685 180.0 -180.0 2.0055
tetrapod_small -30.597 -1.2297 0.6236 179.6528 -98.1633 -82.2723
ring -22.6461 28.7751 0.375 180.0 -180.0 34.0033
tetrapod_small -8.3768 38.6063 0.4929 179.2882 -179.0605 79.8654
tetrapod_small -71.6863 42.8396 0.4925 -0.0067 109.4575 -28.3985
tetrapod_small -4.025 48.9501 2.294 -137.0612 -86.9729 25.9623
tetrapod_small -19.8496 -10.0996 0.6711 2.9768 -124.4325 -16.174
cone 103.9959 -2.3776 0.6842 0.0 -0.0 60.9979
cone -50.4559 -31.7348 0.6842 180.0 -180.0 76.0042
tetrapod_small -23.3669 -14.0936 0.6431 -55.1344 -105.0718 29.6197
tetrapod_small -24.1734 -5.4417 2.1482 -98.5512 53.2549 -31.9556
ring -19.4371 27.6999 1.125 -179.9919 -179.9919 88.0066
tetrapod_small -5.9392 34.3853 0.4926 -179.998 -70.5301 17.0151
tetrapod_small -63.0862 28.0206 0.4926 59.5393 -153.8139 18.6765
tetrapod_small -29.9854 -9.9522 1.4658 82.9087 73.7899 -28.2753
ring -13.1096 -35.9118 0.375 180.0 -180.0 10.9947
cone 102.9918 -0.5027 0.6842 180.0 180.0 -4.0
tetrapod_small -8.1821 37.8046 0.9363 88.7514 56.7038 -49.1052
tetrapod_big -60.3117 -94.1923 0.721 -92.7347 140.0076 -35.1619
cone 102.1612 46.6253 0.6842 0.0 -0.0 54.0013
tetrapod_small -31.4736 -3.4295 0.6773 64.9805 7.6525 -32.2111
tetrapod_big -48.2508 40.9572 0.721 -0.009 109.4579 -60.0106
tetrapod_small -23.1245 -2.5533 0.6606 15.0779 6.5784 -9.1914
cone 97.1729 -12.4248 0.6842 0.0 -0.0 -45.9969
cone -62.1673 -25.3906 0.6848 180.0 -180.0 63.0025
tetrapod_small -31.1655 -9.8949 0.4926 -117.8292 18.5382 22.5234
tetrapod_small -54.596 43.9574 0.493 180.0 180.0 -60.1038
tetrapod_small -27.8776 -8.999 1.3331 -77.6579 93.6221 46.6591
tetrapod_small -6.0697 43.0564 0.9854 16.0735 172.4648 61.3418
ring -24.11 21.33 1.8751 180.0 180.0 78.6046
tetrapod_small -4.9171 43.1283 1.7719 -6.5735 66.7189 27.6111
ring -12.55 -30.68 1.8751 0.0 -0.0 -24.5033
tetrapod_small -27.9734 1.409 0.898 -153.286 150.6019 -46.0298
ring -32.2641 14.6383 1.125 180.0 180.0 -16.0025
tetrapod_small -29.2435 -8.914 0.6626 -139.8408 173.2991 -22.1478
tetrapod_small -29.3738 -7.2714 2.6636 165.0005 28.5138 48.6907
ring -7.435 -45.6769 1.125 -179.9776 179.966 -1.8908
tetrapod_small -57.9676 -0.2245 0.4926 -112.3391 103.5803 -28.0194
tetrapod_small -33.8651 -16.5872 0.4925 -107.7132 112.999 -31.022
tetrapod_small -3.2362 46.928 2.5773 -8.2235 -99.7275 47.0938
tetrapod_small -21.8258 -2.7927 0.4924 -124.9814 61.7962 -4.7317
tetrapod_small -18.4504 -13.2731 0.6352 -111.8398 66.5286 23.7768
tetrapod_small -10.9297 42.0303 2.0191 -33.5676 -156.8356 -72.3224
tetrapod_small -8.2423 43.284 1.5658 -112.2323 42.779 -7.5372
tetrapod_small -28.316 -8.7092 2.6904 -90.2313 74.4806 40.673
tetrapod_small -7.3124 43.5231 0.6955 -68.7521 176.9426 66.4553
tetrapod_small -26.0709 1.326 0.5142 -174.9454 -64.8799 -49.7066
tetrapod_small -27.1548 -4.9032 1.8611 -176.7146 61.349 27.6043
tetrapod_small -28.8553 -10.1583 0.4925 98.8571 129.2175 34.6171
tetrapod_big -71.2861 1.79 0.721 -68.3581 -175.5383 -28.5426
cone 93.3207 -5.9167 0.6842 0.0 -0.0 -43.9986
ring -2.2551 -39.8983 1.125 180.0 180.0 -57.0051
ring -3.9577 -34.2432 0.375 180.0 180.0 -76.9993
tetrapod_small -3.8204 48.2705 3.1377 160.49 -38.8334 39.3627
tetrapod_small -60.9007 50.846 0.4926 76.8329 -58.4806 -33.008
cone 90.5335 62.0536 0.6842 180.0 180.0 -14.5698
cone -61.9022 -0.2978 0.6811 0.0 -0.0 -80.0044
tetrapod_big -28.6418 -105.5379 0.7217 180.0 -180.0 73.5679
tetrapod_big 18.8439 -75.856 0.721 67.4322 -76.9217 -27.8275
ring -31.5979 19.3791 0.375 180.0 180.0 -74.0011
cone 104.4987 75.4585 0.6842 0.0 -0.0 -41.2918
tetrapod_small 0.8662 42.1067 1.4995 -81.6832 120.9526 0.8464
tetrapod_small -0.4331 46.7246 0.6493 -70.5484 46.4072 57.4833
tetrapod_small -7.8649 47.8825 0.8217 81.5256 -158.1421 -13.4922
tetrapod_small -5.9024 40.8875 0.6038 -70.9324 50.7641 -69.7649
ring -12.3437 -32.1678 1.125 0.0 -0.0 -69.0011
tetrapod_small -30.7196 -3.3751 1.9387 100.7872 25.3711 -25.3443
tetrapod_small -25.6301 -7.4418 3.1404 1.2103 -50.2813 58.9526
cone -50.7936 -27.2122 0.685 0.0 -0.0 27.9974
tetrapod_small -5.956 38.2279 1.0013 61.2489 -106.657 28.2956
tetrapod_small -8.115 48.5711 1.8525 -155.6496 -93.4183 2.6214
tetrapod_small -51.4161 4.9293 0.4926 179.9956 -70.5336 32.0245
tetrapod_small -9.5097 44.6287 2.5797 -58.2983 -1.7695 21.0216
tetrapod_small -6.6889 51.7949 1.8278 -119.2134 162.9833 -59.7159
tetrapod_small -33.6364 1.461 0.4931 -179.9504 -179.968 -43.1709
tetrapod_small -28.1419 -10.0528 0.9212 36.5314 24.7449 21.8061
tetrapod_small -30.8856 -5.0906 1.4315 -112.984 -167.0517 55.3706
ring -8.9208 -38.4091 1.125 180.0 180.0 -21.9996
tetrapod_small -4.8363 42.3 2.4656 -162.2344 139.7563 -54.7762
cone 88.0032 64.0803 0.6842 0.0 -0.0 51.5721
tetrapod_small -26.3207 -14.8292 1.1016 152.3961 177.8081 16.5948
tetrapod_small -10.7205 47.8572 0.9976 167.315 -9.0442 -21.3523
tetrapod_small 1.0614 45.7587 0.497 179.5493 -178.7229 50.5284
cone -30.9949 28.0756 0.6842 180.0 180.0 -33.764
tetrapod_small -8.9988 50.1105 0.4928 -179.9024 179.9182 -28.2226
tetrapod_small -62.9052 12.2968 0.4926 -179.9978 -70.537 -60.1085
tetrapod_small -6.6699 38.6176 0.5498 -74.6317 -165.1743 -27.5894
tetrapod_small -3.39 45.8324 1.0331 94.5743 -70.0395 1.7544
tetrapod_small -33.8294 -6.8211 0.8572 13.7221 -108.3336 25.367
ring -26.9085 18.0152 0.375 180.0 180.0 -50.9981
cone 90.4859 35.2282 0.6842 0.0 -0.0 84.0008
tetrapod_small -1.4503 47.2311 1.6117 178.0256 -84.0688 -36.4618
tetrapod_small -6.2755 45.0055 3.6474 7.1747 3.1717 42.2299
tetrapod_small -53.6283 35.1095 0.493 0.0 -0.0 21.1591
tetrapod_small -12.0621 45.144 1.614 -70.9134 -50.9164 67.2149
tetrapod_big 56.7054 -94.3896 0.7217 180.0 -180.0 25.0787
tetrapod_small -26.3821 -7.1661 1.0144 -145.042 -78.3744 -65.7656
tetrapod_small -7.8174 51.0115 2.0171 2.4601 -46.2498 56.7409
tetrapod_small -8.9857 41.7467 2.2462 102.8984 113.3709 -16.035
tetrapod_small -9.7845 46.2642 2.2408 -136.7936 148.5815 -15.5993
tetrapod_small -37.8913 -0.0415 0.4931 0.0 -0.0 35.203
tetrapod_small -58.7378 27.1169 0.4926 -0.0148 109.4505 -62.0598
ring -23.3036 32.0385 0.375 180.0 -180.0 5.9961
cone 95.7467 36.4758 0.6842 0.0 -0.0 -60.9979
tetrapod_small -53.1555 68.7161 0.4926 71.1769 178.7314 30.3839
tetrapod_small -0.9649 42.1073 1.8122 -61.7012 -118.2988 -67.3008
tetrapod_small -58.9481 43.6969 0.4926 -117.6689 91.2012 -22.7817
cone 96.3675 59.0975 0.6842 180.0 180.0 20.4375
tetrapod_small -9.1443 39.7214 0.5185 -124.8195 30.7287 15.9709
tetrapod_small -67.5985 56.331 0.4926 179.9934 -70.5399 -45.1868
tetrapod_small -56.2369 43.6379 0.493 180.0 180.0 -79.9882
tetrapod_small -10.3843 47.2408 2.1645 -160.9584 -166.8619 -25.2375
tetrapod_small -61.8947 20.179 0.4926 -0.0026 109.459 -3.4372
tetrapod_small -5.8639 37.0231 0.7748 25.0787 106.5092 -25.2479
ring -28.8571 15.9341 0.375 180.0 -180.0 45.0009
tetrapod_small -5.1506 47.3647 3.9374 118.1874 -7.163 59.5819
tetrapod_small -5.121 42.0536 0.9215 175.8821 83.8181 -40.4019
tetrapod_small -49.4034 8.9248 0.4926 -117.8486 90.739 -22.5575
tetrapod_small -66.8334 42.2612 0.4926 -110.1311 108.1503 -29.5755
tetrapod_small -23.3219 -13.1063 0.8745 -43.0385 138.7212 -42.7909
tetrapod_small -11.5701 46.6536 2.0808 60.3506 63.859 1.5346
tetrapod_small -27.3208 -11.4726 2.814 -106.2155 -8.7961 -47.2356
tetrapod_small -26.1304 -3.0412 1.3244 155.184 -39.45 -62.3572
ring -35.6017 15.5435 1.125 0.0 -0.0 -50.9981
tetrapod_small -1.6941 44.1857 0.9729 165.7554 22.5772 83.8912
cone 102.7208 12.9473 0.6842 0.0 -0.0 -11.997
tetrapod_small -11.8877 44.2123 0.665 -46.8878 -56.2128 -40.5095
tetrapod_small -2.3862 46.7586 3.2075 119.3391 121.5354 -88.3365
tetrapod_small -7.6617 47.9755 2.9825 107.8092 -33.7283 72.4161
cone -52.5081 -29.9173 0.685 0.0 -0.0 45.9969
tetrapod_small -57.2243 -14.9843 0.4925 54.7698 -123.2154 -1.4384
tetrapod_small -62.3967 29.9087 0.5982 119.012 31.443 8.1229
cone -62.6614 -48.1119 0.685 0.0 -0.0 39.9975
tetrapod_small -1.8567 46.1864 0.711 151.4597 -173.1219 69.4595
tetrapod_small -24.4591 -3.9996 2.5835 -13.9264 29.7757 -5.9759
cone 104.98 15.6585 0.6842 180.0 -180.0 20.9951
cone 106.2277 20.649 0.6842 0.0 -0.0 88.0066
tetrapod_small -29.1142 0.9958 0.6494 -161.0818 50.8231 11.9237
tetrapod_big -16.8529 -94.581 0.7217 0.0 -0.0 -59.8167
tetrapod_small -9.4093 43.0276 0.5103 -103.8124 121.4854 -36.0758
tetrapod_small -10.953 40.416 1.7534 -60.9285 -68.0988 -51.961
tetrapod_small -4.8199 46.3761 2.4658 -30.6143 129.0073 46.2072
tetrapod_small -8.1699 42.8438 0.8145 -90.9998 -91.7578 8.6016
tetrapod_small -68.789 17.2505 0.4926 -119.6062 85.9029 -20.0874
tetrapod_big 79.7021 -75.6715 0.721 -54.7995 -128.3436 -2.1746
ring -0.2876 -34.9737 0.375 0.0 -0.0 58.9952
tetrapod_small -20.441 -8.9341 1.143 155.9158 43.7141 -77.8558
cone -53.4894 -51.6334 0.685 180.0 180.0 -32.999
tetrapod_small -64.613 -15.7477 0.4931 180.0 180.0 -12.4121
tetrapod_small -23.3826 -16.2502 0.8209 -108.6773 -7.1903 -14.1646
tetrapod_small -23.7224 0.1291 0.6046 -179.6019 -157.7239 -66.3809
tetrapod_small -9.3689 46.7735 0.819 75.1238 -144.195 49.9789
tetrapod_small -10.019 34.7607 0.4926 58.7776 -99.1234 -17.2932
tetrapod_small -39.2682 1.7007 0.4926 68.4101 -175.6562 28.5744
tetrapod_small -36.5251 -5.0782 0.4931 0.0 -0.0 17.6718
tetrapod_small -23.7571 -6.3949 1.4509 49.1865 94.9002 -5.0915
tetrapod_small -20.9484 -3.598 0.9136 130.9534 -114.9662 37.7831
cone 88.3957 10.3905 0.6842 180.0 -180.0 76.0042
cone 100.8012 14.1253 0.6842 0.0 -0.0 -11.997
ring -17.3096 -32.3518 0.375 0.0 -0.0 63.0025
cone 103.8447 69.9647 0.6842 180.0 -180.0 65.2887
tetrapod_small -6.3325 41.6525 1.6337 -2.6727 71.5306 44.7638
tetrapod_small -25.863 -4.537 3.3343 -114.5333 160.317 -37.5012
tetrapod_small -23.571 -7.6727 0.5981 -44.1622 -94.5109 37.4079
tetrapod_small -9.3168 41.2808 0.7288 174.5495 -155.0902 73.1047
tetrapod_small -25.8771 -8.4562 0.6171 70.9633 166.0305 58.497
cone 108.3235 68.1665 0.6842 180.0 -180.0 -12.7108
tetrapod_small -5.1823 49.5791 0.4915 67.9256 -174.6255 28.3366
cone 94.869 33.8112 0.6842 0.0 -0.0 80.9963
tetrapod_small -29.2369 -15.5088 0.5689 -97.356 3.8022 29.606
cone -61.9782 4.9716 0.685 0.0 -0.0 18.9943
tetrapod_big -47.1382 -7.6749 0.721 -55.3025 -134.8456 -6.7235
ring -13.7719 -25.3375 0.375 0.0 -0.0 48.9989
tetrapod_small -31.7814 -9.813 1.4811 17.6394 -71.3938 27.1309
tetrapod_small -9.4032 38.1126 0.873 -115.8596 31.797 -38.9916
tetrapod_big -70.393 40.9356 0.721 -179.997 -70.5266 -54.6189
ring -11.0061 -36.6039 1.2554 -174.0113 -176.5699 -22.1522
cone 114.1351 46.7649 0.6842 180.0 -180.0 29.9987
ring -13.6008 -39.4231 0.375 180.0 180.0 -50.9981
tetrapod_small -28.2004 -6.7869 3.1612 -167.8907 159.2085 34.4241
tetrapod_big 44.222 -104.9487 0.721 -54.7428 -126.4463 -0.8425
tetrapod_big -5.7759 -84.2594 0.721 124.114 68.4597 9.5072
tetrapod_small -8.4281 42.861 2.5702 -149.7933 -71.9952 15.064
tetrapod_small -20.55 -10.5341 0.9515 -150.4626 -14.1886 -33.0807
tetrapod_small -30.5244 -2.9884 1.2146 143.5208 52.9118 -25.7324
tetrapod_small -3.4654 41.3884 2.0199 -121.6181 -103.0304 3.6982
tetrapod_small -9.26 37.0655 0.4926 -179.9533 -70.3872 -35.7036
ring -0.1301 -45.5779 0.375 0.0 -0.0 52.0027
tetrapod_small -33.1463 -3.3669 1.3001 9.7741 157.0633 -62.7358
tetrapod_small -10.662 37.0367 0.4923 -106.9076 115.4918 -32.1407
tetrapod_small -11.4549 50.6066 0.6296 154.129 51.4655 -6.6898
tetrapod_small -19.5238 -17.1257 0.4926 -55.8359 -138.6438 -9.296
tetrapod_small -10.1338 40.4287 0.4969 -1.1782 111.0305 16.8629
tetrapod_small -2.7862 39.0055 0.493 1.6063 -2.1362 77.3184
tetrapod_small -13.7109 40.7509 0.61 20.0898 125.3181 -10.0614
tetrapod_small -34.541 -10.8761 0.857 14.3482 -158.3331 50.5031
tetrapod_small -10.4843 48.0918 1.7666 -91.4016 19.2537 -47.2516
tetrapod_small -9.1642 40.3497 1.2212 162.0051 -15.7591 -32.5903
cone -40.3109 30.9155 0.6842 0.0 -0.0 11.7667
tetrapod_small -2.6443 40.8899 2.6702 24.5291 -153.0873 -24.2184
cone 101.4074 48.66 0.6842 0.0 -0.0 -5.9961
tetrapod_big -59.9057 -112.7702 0.721 112.226 103.8044 28.104
tetrapod_small -55.5333 8.4582 0.4926 -0.0021 109.4597 44.6178
tetrapod_small -25.6231 -5.7918 0.7469 -89.1981 -153.3564 54.7538
tetrapod_small -64.0712 64.4807 0.4926 -70.1003 -71.3912 29.7165
cone -38.3951 27.7588 0.6842 0.0 -0.0 31.7696
tetrapod_big -71.0284 -55.2134 0.721 -179.9887 -70.5269 -71.6032
cone -70.3931 -36.1779 0.6848 0.0 -0.0 29.9987
cone 102.3219 -9.7235 0.6842 0.0 -0.0 -52.0027
tetrapod_small -30.9111 -5.8771 0.566 73.8409 166.7617 46.9556
cone -57.4888 -16.9304 0.685 0.0 -0.0 -23.9998
tetrapod_small -3.1335 45.4305 3.7027 -178.7201 -161.8913 -16.6718
cone 110.0201 50.8047 0.6842 180.0 180.0 -78.0015
tetrapod_small -25.7464 -1.2373 0.9066 52.339 43.1774 39.9259
tetrapod_small -28.1099 -7.8359 1.9192 164.5863 161.2675 6.0143
tetrapod_small -11.23 39.8263 0.8981 -153.0025 107.8413 -8.7951
cone -49.746 -46.304 0.6811 0.0 -0.0 -80.0044
ring -10.9739 -41.5455 1.125 180.0 180.0 -69.0011
tetrapod_small -12.3256 43.9463 1.4653 100.165 117.7424 18.2032
tetrapod_small -12.1997 34.3204 0.493 180.0 -180.0 46.0075
tetrapod_small -7.9325 52.2749 1.301 73.6455 75.0719 23.1284
tetrapod_small -24.479 -9.4878 2.0668 97.5552 119.7514 45.9432
tetrapod_small -9.0359 45.0552 4.0698 14.2534 66.77 11.6122
tetrapod_big -59.9055 11.3797 0.721 -118.8516 88.0444 -21.2109
tetrapod_big -48.8924 -65.4861 0.7217 180.0 -180.0 71.0101
tetrapod_small -54.8914 12.213 0.4926 179.993 -70.543 -75.5801
tetrapod_small 2.4103 47.0611 0.5427 -179.7617 -79.13 -54.5692
cone -52.4775 -20.8046 0.685 0.0 -0.0 -60.0015
ring -23.5358 29.028 1.125 180.0 -180.0 24.9955
ring -2.8329 -46.8406 0.375 0.0 -0.0 90.0
tetrapod_small -24.6729 -3.3527 0.605 15.8167 119.6963 -46.4465
tetrapod_big -48.0769 -46.0932 0.721 -122.6399 33.8456 14.1572
tetrapod_small -4.8473 48.3994 2.5039 -84.3329 -127.5912 -46.9467
tetrapod_small -4.9708 47.5643 2.5219 -88.9642 -115.7438 -22.4996
tetrapod_small -16.5055 42.7504 0.4926 61.4292 -159.3117 21.6012
tetrapod_big -70.7972 -64.8688 0.721 56.2619 -141.0892 10.9211
tetrapod_small -10.3874 37.9246 0.6835 -142.1015 172.882 -18.189
cone 111.0416 46.7861 0.6842 180.0 -180.0 21.9996
tetrapod_small -36.5727 -17.2586 0.4931 0.0 -0.0 -56.8871
tetrapod_small -26.4662 -13.8854 0.6689 -92.1613 50.0869 40.9017
tetrapod_small -71.2767 33.8132 0.4926 65.0765 -82.126 -25.7971
cone 100.9155 1.9262 0.6842 180.0 180.0 -84.9991
tetrapod_small 2.5496 45.8893 0.6146 115.3426 132.5144 17.3913
tetrapod_big -48.1959 2.1893 0.7217 180.0 -180.0 84.5613
tetrapod_small -4.7455 41.2235 2.2373 -34.8297 142.2887 -10.3015
tetrapod_small -8.7132 47.007 2.988 65.836 98.2739 50.5254
cone 100.0976 73.7522 0.6842 180.0 -180.0 -19.7046
cone -69.3281 -42.1498 0.685 0.0 -0.0 58.0001
cone -68.1888 -46.2296 0.685 0.0 -0.0 43.9986
tetrapod_small -2.0505 41.5209 0.6457 -179.7778 -105.574 -42.4481
tetrapod_small -25.0588 -5.3307 2.2547 -168.2443 -168.6648 -21.8927
ring -9.5726 -30.7752 0.375 180.0 -180.0 35.9966
tetrapod_big -59.2842 -45.6608 0.721 55.5305 -113.8842 -7.9336
tetrapod_small -44.1255 -4.866 0.4926 0.0024 109.4565 53.0789
tetrapod_small -8.5726 44.1921 2.7812 -102.4235 158.5563 70.0077
tetrapod_small -22.613 -16.4693 0.493 179.9336 -179.9756 58.9539
tetrapod_small -63.5561 -7.6333 0.4926 179.9767 -70.5649 -78.9035
tetrapod_small -3.0251 46.4254 0.532 86.9949 163.0249 31.3586
cone 96.4824 -0.2725 0.6842 0.0 -0.0 20.9951
tetrapod_small -25.671 -5.7729 1.8797 173.4378 -155.3596 -38.1124
tetrapod_small -19.568 -0.93 0.6306 26.065 -131.2062 12.3587
tetrapod_small -6.2983 46.304 2.3973 -133.0888 -19.8777 -27.5716
cone 103.6453 -12.1319 0.6842 180.0 -180.0 16.0025
tetrapod_small -33.0625 -7.1563 1.3578 -3.0952 -144.7584 -22.8616
tetrapod_small -5.1648 38.4763 0.8514 50.1508 144.4522 7.4725
tetrapod_big -59.8735 22.0203 0.7217 0.0 -0.0 84.7069
tetrapod_small -28.9805 -11.5475 0.8444 -86.0265 47.3564 12.7803
tetrapod_small -26.8414 -12.7758 1.5741 -169.3807 80.282 50.3999
ring -8.8064 -38.9135 0.375 0.0 -0.0 52.0027
cone 97.2677 -6.4378 0.6842 0.0 -0.0 54.9956
cone 86.2 55.7 0.6842 0.0 -0.0 49.5679
tetrapod_small -4.2878 40.6087 0.6892 -174.8669 -112.6411 43.3404
tetrapod_small -20.8686 -14.0835 0.4928 116.1857 14.9165 -24.3433
tetrapod_big -48.8654 -84.4774 0.721 -179.9941 -70.5431 25.0523
tetrapod_small -23.9259 -8.03 1.2794 2.6579 -124.2185 22.1126
tetrapod_small -8.667 51.5502 0.6329 -153.7305 160.0345 6.0324
tetrapod_small -22.4204 -6.7338 0.4927 -122.1911 31.6518 15.6393
tetrapod_big 79.7213 -103.0859 0.7209 -105.724 116.7329 -31.9689
